Freq	3K	5K	8K	10K	12K	14K	16K	18K	20K	22K	25K	30K	40K	50K	70K	100K	125K	297K	3K_er	5K_er	8K_er	10K_er	12K_er	14K_er	16K_er	18K_er	20K_er	22K_er	25K_er	30K_er	40K_er	50K_er
0.2195745	0.725717	0.724937	0.731034	0.727702	0.731253	0.733269	0.727488	0.728105	0.726739	0.728631	0.733268	0.720696	0.713384	0.704934	0.665912	0.639442	0.601935	0.244766	0.00528036	0.00527469	0.00531905	0.0052948	0.00532064	0.00533531	0.00529324	0.00529773	0.0052878	0.00530156	0.0053353	0.00524383	0.00519062	0.00512914
0.2342128	0.717595	0.716266	0.722553	0.719901	0.723625	0.725676	0.720963	0.72197	0.720595	0.722869	0.727911	0.715257	0.707693	0.698842	0.662982	0.635253	0.596958	0.226678	0.00590305	0.00589212	0.00594383	0.00592202	0.00595265	0.00596952	0.00593075	0.00593904	0.00592773	0.00594643	0.00598791	0.00588382	0.00582159	0.00574879
0.2488511	0.70063	0.69898	0.705486	0.703376	0.707495	0.709382	0.705159	0.706641	0.705191	0.707731	0.712806	0.700137	0.692171	0.683092	0.649584	0.620018	0.57987	0.202699	0.00669847	0.0066827	0.0067449	0.00672473	0.00676411	0.00678215	0.00674178	0.00675595	0.00674208	0.00676637	0.00681489	0.00669376	0.00661761	0.0065308
0.2634894	0.675842	0.67426	0.68093	0.679162	0.68384	0.685496	0.681314	0.683256	0.68158	0.684333	0.688997	0.676504	0.668076	0.658906	0.62647	0.595408	0.553541	0.176603	0.00726151	0.00724452	0.00731618	0.00729719	0.00734745	0.00736524	0.00732031	0.00734117	0.00732316	0.00735274	0.00740285	0.00726863	0.00717807	0.00707954
0.2781277	0.645946	0.644823	0.651523	0.649917	0.655222	0.656681	0.65227	0.654597	0.6525	0.65545	0.659314	0.647214	0.638405	0.629179	0.596531	0.564987	0.522516	0.153007	0.00734915	0.00733637	0.00741259	0.00739432	0.00745468	0.00747128	0.00742109	0.00744756	0.00742372	0.00745728	0.00750124	0.00736357	0.00726335	0.00715838
0.292766	0.614582	0.614115	0.620635	0.61912	0.624981	0.626344	0.621603	0.624209	0.621535	0.624652	0.627489	0.615937	0.606948	0.597595	0.563911	0.532951	0.491278	0.135327	0.00691934	0.00691408	0.00698748	0.00697043	0.00703641	0.00705176	0.00699838	0.00702772	0.00699761	0.00703271	0.00706465	0.00693459	0.00683339	0.00672808
0.3074043	0.585339	0.585412	0.591495	0.590167	0.596342	0.597746	0.592707	0.59547	0.592181	0.595373	0.597184	0.586246	0.577315	0.567702	0.53291	0.503017	0.46307	0.124807	0.00613923	0.00614	0.00620379	0.00618986	0.00625464	0.00626936	0.00621651	0.00624549	0.00621099	0.00624447	0.00626346	0.00614874	0.00605507	0.00595425
0.3220426	0.560864	0.561121	0.566519	0.565605	0.571723	0.573301	0.568088	0.57089	0.567102	0.5702	0.571219	0.560887	0.552186	0.542209	0.506875	0.477742	0.439607	0.120718	0.00529386	0.00529628	0.00534724	0.0053386	0.00539635	0.00541124	0.00536205	0.00538849	0.00535273	0.00538198	0.00539159	0.00529407	0.00521195	0.00511777
0.3366809	0.542385	0.542468	0.547034	0.546749	0.552447	0.554284	0.549069	0.551821	0.547744	0.550564	0.551161	0.541396	0.532968	0.522627	0.487462	0.458369	0.421468	0.120724	0.00458055	0.00458126	0.00461981	0.0046174	0.00466553	0.00468104	0.004637	0.00466024	0.00462581	0.00464963	0.00465467	0.0045722	0.00450102	0.00441369
0.3513192	0.529846	0.529638	0.533375	0.533777	0.538874	0.540971	0.535921	0.538588	0.534417	0.536849	0.537358	0.528132	0.519893	0.509302	0.474601	0.445024	0.408612	0.121485	0.00395297	0.00395141	0.00397929	0.00398229	0.00402032	0.00403597	0.00399829	0.00401819	0.00398707	0.00400521	0.00400901	0.00394018	0.00387871	0.0037997
0.3659575	0.522496	0.522146	0.525208	0.526159	0.530714	0.532991	0.52823	0.530821	0.526665	0.528725	0.529286	0.520594	0.512402	0.501707	0.467154	0.43703	0.400567	0.120066	0.0032246	0.00322244	0.00324133	0.0032472	0.00327532	0.00328936	0.00325999	0.00327598	0.00325033	0.00326304	0.0032665	0.00321286	0.0031623	0.0030963
0.3805958	0.519413	0.519163	0.521772	0.523043	0.527259	0.529589	0.525195	0.527734	0.52363	0.525432	0.525957	0.517785	0.509521	0.498795	0.463722	0.433211	0.396379	0.115285	0.00232202	0.0023209	0.00233256	0.00233825	0.0023571	0.00236751	0.00234787	0.00235922	0.00234087	0.00234893	0.00235128	0.00231474	0.0022778	0.00222985
0.3952341	0.519654	0.519622	0.521994	0.523399	0.527469	0.529734	0.525746	0.52825	0.524225	0.525904	0.526184	0.518469	0.510077	0.499284	0.463118	0.432186	0.394682	0.107888	0.00139778	0.0013977	0.00140408	0.00140786	0.00141881	0.0014249	0.00141417	0.00142091	0.00141008	0.0014146	0.00141535	0.0013946	0.00137202	0.00134299
0.4098724	0.522148	0.522255	0.524564	0.526016	0.530034	0.532171	0.528585	0.531064	0.527179	0.528817	0.528688	0.521306	0.51279	0.501831	0.464398	0.432632	0.394018	0.09958	0.000699259	0.000699403	0.000702495	0.000704439	0.00070982	0.000712682	0.00070788	0.000711199	0.000705996	0.000708191	0.000708018	0.000698132	0.000686727	0.00067205
0.4245107	0.525639	0.525674	0.528057	0.529544	0.533511	0.535537	0.532283	0.534758	0.531106	0.532708	0.532167	0.524961	0.516363	0.505138	0.4667	0.433452	0.393222	0.0918063	0.000367319	0.000367343	0.000369009	0.000370048	0.00037282	0.000374236	0.000371962	0.000373692	0.000371139	0.000372259	0.000371881	0.000366846	0.000360837	0.000352993
0.439149	0.528776	0.528541	0.531096	0.532633	0.536514	0.538502	0.53545	0.537969	0.534637	0.536143	0.535373	0.528205	0.519579	0.508042	0.469091	0.43381	0.391605	0.0851706	0.000342721	0.000342569	0.000344225	0.000345221	0.000347737	0.000349025	0.000347047	0.00034868	0.00034652	0.000347496	0.000346997	0.000342351	0.000336761	0.000329283
0.4537873	0.53032	0.529753	0.532513	0.534113	0.53789	0.539913	0.536923	0.539555	0.536588	0.537921	0.537216	0.530013	0.521397	0.509566	0.470551	0.433053	0.388877	0.0796831	0.000426096	0.000425641	0.000427859	0.000429144	0.000432179	0.000433804	0.000431402	0.000433516	0.000431132	0.000432204	0.000431637	0.00042585	0.000418927	0.000409421
0.4684256	0.529355	0.52855	0.531464	0.533126	0.53682	0.538892	0.535904	0.538711	0.536101	0.537208	0.536859	0.529626	0.521023	0.508974	0.470078	0.43064	0.384941	0.075229	0.000423175	0.000422532	0.000424861	0.00042619	0.000429143	0.0004308	0.000428411	0.000430655	0.000428568	0.000429453	0.000429174	0.000423392	0.000416515	0.000406883
0.4830639	0.525408	0.524547	0.527485	0.529202	0.53285	0.534916	0.531992	0.535014	0.532711	0.533587	0.533774	0.526578	0.517955	0.50581	0.466866	0.426133	0.37973	0.0716733	0.000262748	0.000262317	0.000263786	0.000264645	0.000266469	0.000267502	0.00026604	0.000267551	0.000266399	0.000266838	0.000266931	0.000263332	0.000259021	0.000252947
0.4977022	0.518467	0.517707	0.520518	0.522267	0.525891	0.52786	0.525163	0.528395	0.526341	0.527028	0.527765	0.520699	0.512017	0.499917	0.460498	0.419287	0.373164	0.0687224	1.55E-05	1.55E-05	1.56E-05	1.56E-05	1.57E-05	1.58E-05	1.57E-05	1.58E-05	1.57E-05	1.58E-05	1.58E-05	1.56E-05	1.53E-05	1.50E-05
0.5123405	0.508918	0.508321	0.510899	0.512639	0.516224	0.518029	0.51573	0.519124	0.517276	0.51784	0.518996	0.512144	0.503398	0.491474	0.451097	0.410167	0.365233	0.0659633	-0.000178727	-0.000178517	-0.000179423	-0.000180034	-0.000181293	-0.000181927	-0.000181119	-0.000182311	-0.000181663	-0.000181861	-0.000182266	-0.00017986	-0.000176789	-0.000172601
0.5269788	0.497486	0.497011	0.499328	0.501014	0.504509	0.506147	0.504328	0.507805	0.506142	0.506647	0.508011	0.501441	0.492678	0.481011	0.43939	0.399258	0.356108	0.0631021	-0.000207568	-0.000207369	-0.000208336	-0.000209039	-0.000210498	-0.000211181	-0.000210422	-0.000211873	-0.000211179	-0.00021139	-0.000211959	-0.000209218	-0.000205561	-0.000200693
0.5416171	0.485169	0.48472	0.486813	0.488409	0.491755	0.49329	0.491899	0.495368	0.493884	0.494379	0.495742	0.489508	0.480804	0.469406	0.426637	0.387472	0.346224	0.0600858	-3.78E-05	-3.78E-05	-3.80E-05	-3.81E-05	-3.83E-05	-3.85E-05	-3.83E-05	-3.86E-05	-3.85E-05	-3.85E-05	-3.86E-05	-3.82E-05	-3.75E-05	-3.66E-05
0.5562554	0.473129	0.472606	0.47453	0.476028	0.479185	0.48072	0.479593	0.482985	0.481675	0.482193	0.483409	0.477558	0.468975	0.4578	0.41441	0.376041	0.336275	0.0569716	0.000288719	0.000288399	0.000289574	0.000290488	0.000292414	0.000293351	0.000292663	0.000294733	0.000293934	0.00029425	0.000294992	0.000291422	0.000286184	0.000279364
0.5708937	0.462495	0.46182	0.463608	0.465032	0.467991	0.469632	0.468568	0.47185	0.470707	0.471279	0.47228	0.466855	0.458408	0.447375	0.404195	0.366224	0.327099	0.0537292	0.000686525	0.000685524	0.000688178	0.000690291	0.000694684	0.000697118	0.000695539	0.000700411	0.000698714	0.000699564	0.000701049	0.000692997	0.000680458	0.000664081
0.585532	0.454079	0.453214	0.454862	0.45625	0.45904	0.460855	0.45969	0.46287	0.461883	0.462553	0.463336	0.45837	0.450027	0.439058	0.396941	0.358921	0.319446	0.050221	0.00105787	0.00105586	0.00105969	0.00106293	0.00106943	0.00107366	0.00107094	0.00107835	0.00107605	0.00107761	0.00107944	0.00106787	0.00104843	0.00102288
0.6001703	0.448137	0.447081	0.448567	0.44995	0.452625	0.454634	0.453287	0.456398	0.455551	0.456376	0.45698	0.452483	0.444203	0.433235	0.39273	0.354323	0.313683	0.0463733	0.00131675	0.00131364	0.00131801	0.00132207	0.00132994	0.00133584	0.00133188	0.00134102	0.00133853	0.00134096	0.00134273	0.00132952	0.00130519	0.00127296
0.6148086	0.444294	0.443074	0.444389	0.445769	0.448396	0.450564	0.44904	0.452119	0.451395	0.452433	0.452913	0.448863	0.440634	0.429619	0.390769	0.351804	0.3096	0.0423483	0.00141671	0.00141282	0.00141701	0.00142141	0.00142979	0.0014367	0.00143184	0.00144166	0.00143935	0.00144266	0.00144419	0.00143127	0.00140504	0.00136991
0.6294469	0.441658	0.440321	0.441488	0.442835	0.445471	0.447725	0.446093	0.449157	0.448539	0.449818	0.450242	0.446588	0.438442	0.427345	0.389684	0.350131	0.306413	0.0385474	0.00136568	0.00136155	0.00136516	0.00136932	0.00137747	0.00138444	0.0013794	0.00138887	0.00138696	0.00139091	0.00139222	0.00138092	0.00135574	0.00132142
0.6440852	0.43909	0.437687	0.438756	0.440015	0.442695	0.44495	0.443304	0.446344	0.445818	0.44731	0.447763	0.444438	0.43643	0.425232	0.387964	0.347866	0.303021	0.0354349	0.00122275	0.00121884	0.00122182	0.00122532	0.00123278	0.00123906	0.00123448	0.00124295	0.00124148	0.00124564	0.0012469	0.00123764	0.00121534	0.00118416
0.6587235	0.435512	0.434085	0.435111	0.436225	0.438955	0.441133	0.439563	0.44255	0.442108	0.44372	0.444306	0.441247	0.433416	0.422139	0.384387	0.343803	0.29838	0.0333067	0.00106954	0.00106604	0.00106856	0.0010713	0.001078	0.00108335	0.00107949	0.00108683	0.00108574	0.0010897	0.00109114	0.00108363	0.0010644	0.0010367
0.6733618	0.430172	0.428753	0.429765	0.430703	0.433466	0.435509	0.434082	0.436982	0.436623	0.438217	0.439047	0.436214	0.428561	0.417276	0.378314	0.337319	0.291867	0.0321643	0.000974637	0.000971423	0.000973715	0.00097584	0.000982101	0.000986728	0.000983496	0.000990067	0.000989254	0.000992864	0.000994744	0.000988326	0.000970986	0.000945418
0.6880001	0.422806	0.421427	0.422422	0.423191	0.425958	0.427832	0.426591	0.429381	0.429107	0.430543	0.431708	0.429091	0.421582	0.4104	0.369838	0.328538	0.283509	0.0317488	0.000974581	0.000971401	0.000973696	0.000975469	0.000981846	0.000986167	0.000983305	0.000989737	0.000989105	0.000992414	0.000995099	0.000989068	0.00097176	0.000945984
0.7026384	0.413667	0.412367	0.413332	0.413971	0.416708	0.418408	0.417373	0.420055	0.419864	0.421056	0.422602	0.42021	0.412806	0.401845	0.359725	0.318297	0.273992	0.0316472	0.00107976	0.00107636	0.00107888	0.00108055	0.0010877	0.00109213	0.00108943	0.00109643	0.00109593	0.00109904	0.00110308	0.00109683	0.00107751	0.0010489
0.7172767	0.403407	0.402232	0.40317	0.403722	0.406399	0.407945	0.407128	0.409732	0.409614	0.410573	0.412492	0.410333	0.403014	0.392364	0.349169	0.307876	0.264444	0.0314011	0.00128679	0.00128304	0.00128603	0.00128779	0.00129633	0.00130126	0.00129866	0.00130696	0.00130659	0.00130965	0.00131577	0.00130888	0.00128554	0.00125156
0.731915	0.392838	0.39183	0.392778	0.393258	0.395849	0.397286	0.396701	0.39928	0.399215	0.400058	0.402297	0.400366	0.393142	0.382834	0.339405	0.298575	0.256028	0.0306221	0.00157892	0.00157487	0.00157868	0.00158061	0.00159102	0.00159679	0.00159444	0.00160481	0.00160455	0.00160794	0.00161694	0.00160918	0.00158014	0.00153871
0.7465533	0.382658	0.381838	0.382855	0.383239	0.385721	0.387107	0.386779	0.389391	0.389354	0.390277	0.39277	0.391045	0.383944	0.373949	0.3313	0.291249	0.249508	0.0291064	0.0019121	0.001908	0.00191309	0.00191501	0.00192741	0.00193434	0.00193269	0.00194575	0.00194556	0.00195018	0.00196263	0.00195401	0.00191853	0.00186858
0.7611916	0.373242	0.372594	0.373733	0.373974	0.376333	0.377717	0.377681	0.380368	0.380334	0.381543	0.384245	0.382691	0.375751	0.366002	0.325065	0.286001	0.24494	0.0269015	0.00221095	0.00220711	0.00221386	0.00221528	0.00222926	0.00223746	0.00223724	0.00225316	0.00225296	0.00226012	0.00227612	0.00226692	0.00222581	0.00216806
0.7758299	0.364567	0.364038	0.365321	0.365377	0.367617	0.369014	0.369305	0.372074	0.372028	0.373663	0.376565	0.375149	0.368412	0.358834	0.320233	0.28217	0.241658	0.0242937	0.00239905	0.00239556	0.002404	0.00240437	0.00241912	0.00242831	0.00243022	0.00244844	0.00244814	0.0024589	0.00247799	0.00246868	0.00242435	0.00236132
0.7904682	0.356298	0.355806	0.357213	0.357086	0.359225	0.360614	0.361236	0.364063	0.36401	0.366096	0.369208	0.367915	0.361424	0.351967	0.315881	0.278628	0.238556	0.021717	0.00244977	0.00244639	0.00245606	0.00245519	0.0024699	0.00247945	0.00248373	0.00250316	0.0025028	0.00251714	0.00253854	0.00252965	0.00248502	0.00242
0.8051065	0.347971	0.347439	0.348916	0.348659	0.350718	0.352056	0.352954	0.355806	0.355773	0.358219	0.361533	0.360373	0.354168	0.344823	0.311018	0.274257	0.234552	0.0195977	0.00241434	0.00241065	0.0024209	0.00241912	0.0024334	0.00244268	0.00244892	0.00246871	0.00246847	0.00248545	0.00250844	0.00250039	0.00245734	0.0023925
0.8197448	0.339202	0.338592	0.340063	0.33976	0.341753	0.343001	0.34405	0.346904	0.346928	0.349585	0.353036	0.35205	0.346151	0.336953	0.30495	0.268378	0.229004	0.0181792	0.00239464	0.00239034	0.00240072	0.00239858	0.00241265	0.00242146	0.00242887	0.00244902	0.00244919	0.00246794	0.00249231	0.00248535	0.0024437	0.00237876
0.8343831	0.329831	0.329168	0.330551	0.330271	0.332215	0.333348	0.334374	0.337221	0.337332	0.340066	0.343532	0.342771	0.337164	0.328182	0.297487	0.260956	0.221922	0.017423	0.00247182	0.00246685	0.00247722	0.00247512	0.00248969	0.00249818	0.00250587	0.00252721	0.00252804	0.00254853	0.0025745	0.0025688	0.00252678	0.00245947
0.8490214	0.319966	0.319334	0.320565	0.320322	0.322248	0.323247	0.324079	0.326911	0.327113	0.329849	0.333196	0.332694	0.327328	0.318652	0.288934	0.252541	0.213919	0.0170524	0.00264832	0.00264309	0.00265328	0.00265127	0.00266721	0.00267548	0.00268236	0.00270581	0.00270747	0.00273012	0.00275782	0.00275367	0.00270926	0.00263744
0.8636597	0.309935	0.309436	0.310493	0.310216	0.312195	0.313025	0.313552	0.316352	0.316611	0.319328	0.322484	0.322222	0.317033	0.308751	0.279899	0.243972	0.205921	0.0166831	0.00285053	0.00284594	0.00285566	0.00285311	0.00287131	0.00287895	0.0028838	0.00290955	0.00291192	0.00293692	0.00296594	0.00296353	0.0029158	0.00283963
0.878298	0.300155	0.299853	0.300774	0.300324	0.302455	0.303065	0.303264	0.306014	0.306267	0.308956	0.311964	0.311858	0.306799	0.298977	0.271013	0.235987	0.198749	0.015971	0.00299429	0.00299127	0.00300046	0.00299597	0.00301723	0.00302332	0.0030253	0.00305274	0.00305525	0.00308208	0.00311208	0.00311103	0.00306057	0.00298253
0.8929363	0.290991	0.290867	0.291743	0.290954	0.293339	0.293678	0.293605	0.296312	0.296484	0.299107	0.302125	0.302045	0.297117	0.28977	0.262681	0.228899	0.192749	0.0147771	0.0030589	0.00305759	0.00306681	0.00305851	0.00308358	0.00308714	0.00308637	0.00311483	0.00311664	0.00314421	0.00317593	0.0031751	0.00312329	0.00304606
0.9075746	0.282644	0.282603	0.283531	0.282282	0.284979	0.285024	0.284781	0.28749	0.287513	0.290002	0.293235	0.293054	0.288301	0.281385	0.254979	0.222529	0.187675	0.0133054	0.00310797	0.00310751	0.00311772	0.00310399	0.00313364	0.00313414	0.00313146	0.00316126	0.0031615	0.00318887	0.00322442	0.00322244	0.00317017	0.00309412
0.9222129	0.275128	0.275042	0.276065	0.27434	0.277335	0.277113	0.27681	0.279594	0.279411	0.281693	0.285307	0.284956	0.280437	0.273856	0.247763	0.216432	0.182929	0.0120693	0.0032337	0.00323269	0.00324471	0.00322444	0.00325964	0.00325703	0.00325348	0.00328619	0.00328405	0.00331086	0.00335334	0.00334921	0.0032961	0.00321875
0.9368512	0.268316	0.268092	0.269161	0.267073	0.270276	0.269854	0.269595	0.272507	0.272081	0.274114	0.278171	0.277667	0.273418	0.267062	0.240898	0.210287	0.178	0.011525	0.00346856	0.00346565	0.00347947	0.00345249	0.00349389	0.00348843	0.00348509	0.00352273	0.00351722	0.00354351	0.00359595	0.00358944	0.0035345	0.00345234
0.9514895	0.26202	0.26164	0.262629	0.260395	0.263665	0.263121	0.263003	0.266036	0.265345	0.267144	0.27159	0.271029	0.267034	0.26082	0.234454	0.204183	0.17282	0.0115962	0.0037377	0.00373228	0.00374639	0.00371451	0.00376117	0.00375341	0.00375173	0.00379499	0.00378513	0.00381079	0.00387421	0.00386621	0.00380922	0.00372058
0.9661278	0.256042	0.255573	0.256336	0.254203	0.257384	0.25678	0.2569	0.259975	0.259017	0.260638	0.265346	0.264855	0.261054	0.254958	0.228701	0.198587	0.167774	0.011768	0.0038939	0.00388677	0.00389837	0.00386594	0.00391432	0.00390512	0.00390695	0.00395372	0.00393915	0.00396381	0.0040354	0.00402794	0.00397013	0.00387742
0.9807661	0.250199	0.249753	0.250198	0.248365	0.251315	0.250682	0.251125	0.254126	0.252932	0.254441	0.259264	0.258952	0.255267	0.249323	0.223888	0.193982	0.163372	0.0115755	0.00380803	0.00380125	0.00380802	0.00378013	0.00382503	0.0038154	0.00382214	0.00386781	0.00384963	0.0038726	0.00394601	0.00394126	0.00388518	0.00379471
0.9954044	0.244326	0.244002	0.244144	0.242694	0.245316	0.24466	0.245471	0.248299	0.246933	0.248374	0.253185	0.253107	0.249477	0.243752	0.219977	0.190433	0.159793	0.01082	0.00344489	0.00344033	0.00344233	0.00342189	0.00345886	0.00344961	0.00346104	0.00350092	0.00348166	0.00350197	0.0035698	0.00356871	0.00351753	0.00343681
1.0100427	0.238287	0.238126	0.238087	0.236975	0.239236	0.238545	0.239698	0.242316	0.240876	0.242255	0.246948	0.247104	0.243508	0.238059	0.216508	0.187405	0.156657	0.00956413	0.00287402	0.00287208	0.00287161	0.0028582	0.00288546	0.00287714	0.00289104	0.00292262	0.00290525	0.00292188	0.00297848	0.00298036	0.00293699	0.00287127
1.024681	0.232003	0.231971	0.231939	0.231034	0.232961	0.232223	0.233612	0.236044	0.234639	0.235945	0.240416	0.240766	0.237226	0.232069	0.212725	0.183979	0.153198	0.00813996	0.00221677	0.00221646	0.00221616	0.00220751	0.00222592	0.00221888	0.00223214	0.00225538	0.00224196	0.00225443	0.00229716	0.0023005	0.00226668	0.0022174
1.0393193	0.225477	0.225483	0.225641	0.224809	0.226459	0.225682	0.227143	0.229438	0.22816	0.229389	0.233534	0.234013	0.230587	0.225685	0.207861	0.179298	0.148717	0.00712173	0.00157512	0.00157516	0.00157627	0.00157046	0.00158198	0.00157655	0.00158676	0.00160279	0.00159386	0.00160245	0.0016314	0.00163475	0.00161081	0.00157658
1.0539576	0.218783	0.218735	0.219191	0.218364	0.219772	0.219008	0.220365	0.222553	0.22145	0.222618	0.226356	0.22689	0.223647	0.218931	0.201456	0.173001	0.143002	0.00694682	0.000995513	0.000995293	0.000997368	0.000993603	0.00100001	0.000996536	0.00100271	0.00101266	0.00100764	0.00101296	0.00102997	0.0010324	0.00101764	0.000996186
1.0685959	0.212029	0.211872	0.21262	0.211828	0.212964	0.212317	0.21343	0.215496	0.214571	0.215702	0.219026	0.219534	0.216535	0.211936	0.193572	0.165431	0.136492	0.00736508	0.000483134	0.000482777	0.000484481	0.000482677	0.000485265	0.000483791	0.000486328	0.000491036	0.000488926	0.000491505	0.000499079	0.000500236	0.000493401	0.000482923
1.0832342	0.205299	0.20504	0.205964	0.205319	0.206079	0.205677	0.206477	0.208372	0.207596	0.208702	0.211705	0.212115	0.20939	0.204868	0.184807	0.157514	0.130068	0.00773332	4.51E-05	4.50E-05	4.52E-05	4.51E-05	4.53E-05	4.52E-05	4.53E-05	4.58E-05	4.56E-05	4.58E-05	4.65E-05	4.66E-05	4.60E-05	4.50E-05
1.0978725	0.198665	0.198351	0.199272	0.198909	0.199172	0.199107	0.199599	0.201271	0.200613	0.201682	0.204523	0.204797	0.202336	0.197883	0.176081	0.150316	0.124554	0.00760848	-0.000280367	-0.000279924	-0.000281224	-0.000280712	-0.000281084	-0.000280991	-0.000281685	-0.000284045	-0.000283117	-0.000284626	-0.000288635	-0.000289021	-0.000285549	-0.000279265
1.1125108	0.192227	0.191918	0.19265	0.192672	0.192375	0.192653	0.192893	0.19432	0.193762	0.194783	0.197599	0.19775	0.195502	0.191126	0.168251	0.144489	0.120242	0.00687455	-0.000432376	-0.000431681	-0.000433327	-0.000433378	-0.00043271	-0.000433335	-0.000433874	-0.000437084	-0.000435828	-0.000438125	-0.000444459	-0.000444798	-0.000439742	-0.000429899
1.1271491	0.186164	0.185898	0.186301	0.18674	0.185945	0.186466	0.186534	0.187728	0.187266	0.188251	0.191074	0.191172	0.189051	0.184749	0.161778	0.139999	0.116805	0.0056943	-0.000366987	-0.000366462	-0.000367257	-0.000368122	-0.000366555	-0.000367581	-0.000367716	-0.000370069	-0.000369157	-0.000371101	-0.000376664	-0.000376859	-0.000372678	-0.000364196
1.1417874	0.180705	0.180486	0.180497	0.181301	0.180204	0.18079	0.180767	0.181756	0.181395	0.182391	0.185118	0.185267	0.183172	0.17892	0.15664	0.136327	0.113638	0.00443751	-9.70E-05	-9.69E-05	-9.69E-05	-9.73E-05	-9.67E-05	-9.70E-05	-9.70E-05	-9.75E-05	-9.73E-05	-9.79E-05	-9.93E-05	-9.94E-05	-9.83E-05	-9.60E-05
1.1564257	0.176038	0.175839	0.175479	0.176528	0.175402	0.175869	0.175815	0.176618	0.176366	0.177435	0.179881	0.180164	0.178008	0.173773	0.15251	0.132927	0.110288	0.0035538	0.000298528	0.00029819	0.00029758	0.000299359	0.000297449	0.00029824	0.00029815	0.00029951	0.000299084	0.000300896	0.000305044	0.000305524	0.000301869	0.000294686
1.171064	0.172209	0.171988	0.171349	0.172484	0.171583	0.171811	0.171751	0.172374	0.172241	0.173419	0.175407	0.175844	0.173587	0.169349	0.148994	0.129534	0.106676	0.0033312	0.000697749	0.000696853	0.000694261	0.000698862	0.000695212	0.000696134	0.000695891	0.000698415	0.000697877	0.000702651	0.000710706	0.000712475	0.000703329	0.000686159
1.1857023	0.16906	0.168773	0.167982	0.169058	0.16853	0.168498	0.168414	0.168867	0.168858	0.170128	0.17157	0.172111	0.169768	0.16554	0.145781	0.126167	0.103038	0.00365277	0.000983522	0.000981852	0.000977252	0.000983509	0.000980436	0.000980252	0.000979762	0.000982398	0.00098235	0.000989738	0.000998122	0.00100127	0.00098764	0.000963043
1.2003406	0.166236	0.165843	0.165031	0.165954	0.165803	0.165572	0.165416	0.165732	0.165848	0.167131	0.168057	0.168618	0.166252	0.162075	0.142651	0.122938	0.0996674	0.00417102	0.00109177	0.00108919	0.00108386	0.00108992	0.00108892	0.00108741	0.00108639	0.00108846	0.00108923	0.00109765	0.00110373	0.00110742	0.00109188	0.00106444
1.2149789	0.163271	0.162737	0.162005	0.162759	0.162868	0.162528	0.162253	0.162494	0.162723	0.163904	0.164447	0.164964	0.162645	0.158572	0.139447	0.119863	0.0966809	0.00456402	0.00104195	0.00103855	0.00103387	0.00103868	0.00103938	0.00103721	0.00103546	0.00103699	0.00103846	0.001046	0.00104946	0.00105276	0.00103796	0.00101197
1.2296172	0.15972	0.159024	0.158425	0.159063	0.159255	0.158881	0.158473	0.158711	0.159027	0.160001	0.160342	0.160806	0.15857	0.154651	0.136042	0.116819	0.0939448	0.00460455	0.000930235	0.000926181	0.000922693	0.000926404	0.000927522	0.000925345	0.000922973	0.000924359	0.000926197	0.000931869	0.000933855	0.000936558	0.000923535	0.000900709
1.2442555	0.155297	0.154451	0.153985	0.154592	0.1547	0.154335	0.153838	0.154123	0.15449	0.155198	0.155515	0.155976	0.1538	0.150074	0.132361	0.113627	0.0912011	0.00422514	0.000881361	0.000876561	0.000873912	0.00087736	0.000877974	0.000875901	0.000873081	0.000874694	0.000876777	0.0008808	0.000882598	0.00088521	0.000872861	0.00085172
1.2588938	0.149955	0.149021	0.148646	0.149301	0.14922	0.148882	0.148391	0.148723	0.149107	0.149566	0.15	0.15052	0.14834	0.144843	0.128404	0.110184	0.0882564	0.00356584	0.0009804	0.000974297	0.000971843	0.000976129	0.000975596	0.000973386	0.000970177	0.000972345	0.00097486	0.000977857	0.000980694	0.000984098	0.000969842	0.00094698
1.2735321	0.14389	0.142973	0.142638	0.14338	0.143085	0.142778	0.142417	0.142755	0.143129	0.143423	0.144061	0.144678	0.142434	0.139194	0.12426	0.10653	0.0850918	0.00294506	0.00122532	0.00121752	0.00121467	0.00122098	0.00121847	0.00121586	0.00121278	0.00121566	0.00121884	0.00122135	0.00122679	0.00123203	0.00121293	0.00118533
1.2881704	0.13747	0.136678	0.13636	0.137177	0.136718	0.136432	0.136317	0.136615	0.136947	0.137209	0.138083	0.138784	0.136473	0.133498	0.120081	0.102808	0.0818471	0.00267178	0.00153137	0.00152254	0.001519	0.0015281	0.00152299	0.0015198	0.00151852	0.00152184	0.00152554	0.00152846	0.00153819	0.001546	0.00152026	0.00148712
1.3028087	0.13112	0.130505	0.130228	0.13108	0.13055	0.130245	0.130463	0.130705	0.130955	0.131309	0.132412	0.133156	0.13084	0.128107	0.11601	0.0991828	0.0787292	0.00273187	0.00178631	0.00177793	0.00177415	0.00178576	0.00177853	0.00177438	0.00177735	0.00178065	0.00178405	0.00178888	0.00180391	0.00181404	0.00178248	0.00174526
1.317447	0.125195	0.12472	0.124548	0.125386	0.124883	0.124489	0.125085	0.125303	0.125414	0.125924	0.127248	0.127991	0.125759	0.12322	0.112103	0.0957388	0.0759069	0.00287996	0.00191299	0.00190573	0.0019031	0.00191591	0.00190822	0.0019022	0.00191131	0.00191464	0.00191633	0.00192412	0.00194435	0.00195572	0.00192161	0.0018828
1.3320853	0.11989	0.119435	0.119444	0.120228	0.119823	0.119261	0.120236	0.120478	0.120404	0.121038	0.122606	0.123319	0.121228	0.11883	0.108282	0.0924355	0.0734337	0.00296324	0.00190049	0.00189327	0.00189342	0.00190584	0.00189943	0.00189052	0.00190597	0.00190981	0.00190864	0.00191869	0.00194354	0.00195484	0.0019217	0.00188368
1.3467236	0.115215	0.114623	0.114871	0.115571	0.115296	0.114511	0.115818	0.116113	0.115846	0.116496	0.118362	0.119017	0.117057	0.114777	0.104366	0.0891199	0.0712103	0.00291775	0.00179091	0.00178171	0.00178558	0.00179645	0.00179217	0.00177997	0.0018003	0.00180487	0.00180072	0.00181082	0.00183984	0.00185001	0.00181954	0.00178411
1.3613619	0.111038	0.110173	0.110682	0.111273	0.111126	0.11011	0.111671	0.111991	0.111578	0.112125	0.114327	0.114892	0.112997	0.110844	0.100162	0.0855918	0.0690012	0.00268341	0.00164317	0.00163036	0.00163789	0.00164664	0.00164446	0.00162942	0.00165253	0.00165726	0.00165114	0.00165924	0.00169183	0.00170019	0.00167215	0.00164028
1.3760002	0.107178	0.105961	0.106714	0.107175	0.107139	0.105934	0.107655	0.107923	0.107451	0.107841	0.110323	0.110778	0.108871	0.106859	0.0955888	0.0817009	0.0665168	0.00223573	0.00149938	0.00148236	0.00149289	0.00149934	0.00149884	0.00148198	0.00150605	0.0015098	0.0015032	0.00150866	0.00154337	0.00154975	0.00152306	0.00149492
1.3906385	0.103487	0.101905	0.102859	0.103174	0.103232	0.101912	0.103708	0.103828	0.10339	0.103667	0.106242	0.106602	0.10463	0.102758	0.0907643	0.0774429	0.0635418	0.0016576	0.0013681	0.0013472	0.0013598	0.00136397	0.00136473	0.00134728	0.00137103	0.00137262	0.00136682	0.00137049	0.00140452	0.00140928	0.00138322	0.00135847
1.4052768	0.0998963	0.0979921	0.0990845	0.099259	0.0993857	0.0980367	0.099852	0.0997525	0.0994079	0.0996818	0.102075	0.1024	0.100348	0.0985882	0.0860032	0.0730161	0.0600592	0.00117227	0.00122842	0.001205	0.00121843	0.00122058	0.00122214	0.00120555	0.00122787	0.00122665	0.00122241	0.00122578	0.0012552	0.00125921	0.00123397	0.00121233
1.4199151	0.0964098	0.09426	0.0954283	0.0954885	0.0956353	0.0943463	0.0961485	0.0958127	0.0955744	0.0959387	0.0979051	0.0982799	0.0961535	0.0944734	0.081713	0.0687945	0.0563103	0.00110581	0.00105503	0.0010315	0.00104429	0.00104495	0.00104655	0.00103245	0.00105217	0.0010485	0.00104589	0.00104987	0.00107139	0.00107549	0.00105222	0.00103384
1.4345534	0.0930547	0.09075	0.0919524	0.0919337	0.0920142	0.0908721	0.092644	0.0921124	0.0919565	0.0924167	0.0938651	0.0943498	0.0921614	0.0905564	0.0782118	0.0651961	0.0527408	0.00147659	0.000858918	0.000837646	0.000848744	0.000848571	0.000849314	0.000838773	0.000855128	0.000850221	0.000848782	0.00085303	0.000866399	0.000870873	0.000850673	0.000835859
1.4491917	0.0898371	0.0874546	0.0887001	0.0886185	0.0885122	0.087598	0.0893286	0.0886719	0.0885653	0.0890209	0.0900654	0.09066	0.0884268	0.0869357	0.0755571	0.0624842	0.049824	0.00197773	0.00071964	0.000700556	0.000710533	0.000709879	0.000709027	0.000701704	0.000715567	0.000710307	0.000709453	0.000713102	0.000721469	0.000726232	0.000708343	0.000696399
1.46383	0.0867202	0.0842994	0.0856613	0.0854929	0.0850703	0.0844486	0.0861325	0.0854128	0.0853378	0.0856334	0.0865346	0.0871788	0.0849285	0.0836223	0.0734941	0.0606141	0.0478177	0.00234353	0.000770863	0.000749344	0.00076145	0.000759953	0.000756197	0.00075067	0.000765638	0.000759241	0.000758575	0.000761202	0.000769213	0.000774939	0.000754937	0.000743325
1.4784683	0.0836381	0.0811754	0.0827636	0.0824544	0.0816164	0.0813262	0.0829634	0.0822042	0.0821681	0.0821843	0.0832075	0.0838187	0.0815875	0.0805371	0.0715703	0.0592421	0.0466046	0.00234541	0.00111713	0.00108423	0.00110545	0.00110132	0.00109013	0.00108625	0.00110812	0.00109798	0.00109749	0.00109771	0.00111138	0.00111954	0.00108974	0.00107571
1.4931066	0.080533	0.0780049	0.0798937	0.0794063	0.0781224	0.0781715	0.0797608	0.0789429	0.078971	0.0787024	0.079973	0.0804924	0.0783091	0.0775536	0.0693482	0.0578917	0.0457386	0.00186729	0.0017132	0.00165942	0.0016996	0.00168923	0.00166192	0.00166297	0.00169678	0.00167938	0.00167997	0.00167426	0.00170129	0.00171234	0.00166589	0.00164982
1.5077449	0.0773937	0.074795	0.0769502	0.076316	0.074646	0.0750087	0.0765337	0.0756203	0.0757427	0.0753132	0.0767561	0.0771655	0.0750348	0.0745649	0.0665935	0.0561613	0.0446681	0.000998398	0.00231025	0.00223268	0.00229701	0.00227808	0.00222823	0.00223906	0.00228458	0.00225731	0.00226097	0.00224814	0.00229122	0.00230344	0.00223983	0.00222581
1.5223832	0.0742786	0.0716448	0.0739085	0.0732421	0.0713354	0.0719437	0.0733672	0.0723414	0.0725822	0.0721851	0.0735839	0.0738862	0.0717861	0.0715466	0.0633676	0.053875	0.0430016	3.40E-05	0.00255998	0.00246921	0.00254723	0.00252426	0.00245855	0.00247951	0.00252857	0.00249322	0.00250152	0.00248783	0.00253604	0.00254646	0.00247408	0.00246583
1.5370215	0.0713094	0.0687045	0.0708571	0.0703172	0.0683842	0.0691134	0.0703981	0.0692886	0.0696571	0.0694604	0.0705896	0.0707817	0.0686817	0.068591	0.0600091	0.0511555	0.0407112	0.000703541	0.00223941	0.0021576	0.0022252	0.00220825	0.00214754	0.00217044	0.00221079	0.00217594	0.00218752	0.00218134	0.0022168	0.00222283	0.00215689	0.00215404
1.5516598	0.0686235	0.0661042	0.0679589	0.067687	0.0659438	0.0666078	0.0677586	0.0666356	0.0671192	0.0671906	0.0679363	0.0680145	0.0658983	0.0658753	0.0570114	0.0484094	0.0382052	0.00100611	0.00142259	0.00137037	0.00140881	0.00140318	0.00136704	0.0013808	0.00140466	0.00138138	0.00139141	0.00139289	0.00140835	0.00140997	0.0013661	0.00136562
1.5662981	0.0662906	0.0638723	0.065343	0.0654232	0.0640198	0.0643987	0.0654925	0.0644413	0.0650006	0.0652896	0.065694	0.065688	0.0635646	0.0635526	0.0548094	0.046175	0.0361856	0.00116684	0.000453376	0.000436837	0.000446895	0.000447443	0.000437845	0.000440436	0.000447918	0.000440728	0.000444553	0.00044653	0.000449296	0.000449255	0.000434732	0.00043465
1.5809364	0.0642391	0.0618821	0.0629956	0.063457	0.0624201	0.0623249	0.0634872	0.0625822	0.0631537	0.063535	0.0637469	0.0637494	0.061642	0.0616155	0.053529	0.0448048	0.0352391	0.00166788	-0.000247258	-0.000238186	-0.000242472	-0.000244248	-0.000240257	-0.00023989	-0.000244364	-0.000240881	-0.000243081	-0.000244548	-0.000245364	-0.000245373	-0.000237262	-0.00023716
1.5955747	0.0622617	0.059888	0.0607472	0.0615921	0.0608212	0.0601734	0.0614983	0.0607911	0.0612959	0.0616561	0.0618193	0.0619792	0.059894	0.059845	0.0528387	0.0441515	0.0353519	0.00219617	-0.000401763	-0.000386445	-0.000391989	-0.000397441	-0.000392467	-0.000388287	-0.000396836	-0.000392273	-0.00039553	-0.000397854	-0.000398907	-0.00039994	-0.000386484	-0.000386168
1.610213	0.0601229	0.0576629	0.0583813	0.0596071	0.0589304	0.0578215	0.0592809	0.0587992	0.0591527	0.0594707	0.0596283	0.0601048	0.0579974	0.0579088	0.0520368	0.0435451	0.0358143	0.00219475	-8.71E-06	-8.36E-06	-8.46E-06	-8.64E-06	-8.54E-06	-8.38E-06	-8.59E-06	-8.52E-06	-8.57E-06	-8.62E-06	-8.64E-06	-8.71E-06	-8.40E-06	-8.39E-06
1.6248513	0.0577056	0.0551483	0.0558003	0.0573853	0.0566395	0.0553385	0.056741	0.0564942	0.0566212	0.056987	0.057071	0.0579597	0.0557315	0.055561	0.0503353	0.0421007	0.0356301	0.00151565	0.000694443	0.000663667	0.000671514	0.000690589	0.000681614	0.000665957	0.000682834	0.000679865	0.000681393	0.000685795	0.000686806	0.0006975	0.000670686	0.000668634
1.6394896	0.0551023	0.052508	0.0531221	0.0549875	0.0540774	0.052973	0.0540043	0.0539996	0.0538463	0.054409	0.0543153	0.0555845	0.0531168	0.0528132	0.0471886	0.039136	0.0340375	0.000940242	0.00143341	0.00136592	0.0013819	0.00143042	0.00140675	0.00137802	0.00140484	0.00140472	0.00140073	0.00141537	0.00141293	0.00144595	0.00138176	0.00137386
1.6541279	0.0525867	0.0500518	0.0506263	0.0526277	0.0515395	0.0510257	0.0513631	0.0516186	0.0511564	0.0520381	0.0517232	0.0532147	0.050414	0.0499628	0.0426288	0.0346243	0.0309202	0.00165194	0.00208998	0.00198924	0.00201207	0.00209161	0.00204837	0.00202795	0.00204136	0.00205151	0.00203314	0.00206818	0.00205567	0.00211494	0.00200363	0.0019857
1.6687662	0.050472	0.0480728	0.0485643	0.0505554	0.0493273	0.0496634	0.049121	0.0496523	0.0488766	0.0500981	0.0496372	0.0511464	0.0479756	0.0474389	0.0376711	0.0297331	0.0271202	0.00213569	0.00271079	0.00258193	0.00260833	0.00271527	0.00264931	0.00266736	0.00263823	0.00266677	0.0026251	0.00269071	0.00266595	0.00274701	0.00257671	0.00254789
1.6834045	0.0489196	0.046668	0.0469623	0.048899	0.047561	0.0487696	0.0474028	0.0481806	0.0471192	0.0485665	0.048144	0.0495308	0.0460242	0.0455333	0.0343742	0.0268579	0.0243641	0.00178665	0.00335338	0.00319903	0.00321921	0.00335197	0.00326025	0.0033431	0.00324941	0.00330272	0.00322996	0.00332918	0.00330021	0.00339528	0.00315491	0.00312125
1.6980428	0.0478079	0.0456433	0.0455617	0.0475676	0.0460836	0.047959	0.0460444	0.0469658	0.0456988	0.047153	0.0469768	0.0482289	0.0444932	0.0441867	0.0341459	0.0274172	0.0239748	0.000963018	0.00396259	0.00378317	0.00377641	0.00394267	0.00381967	0.00397511	0.00381642	0.00389279	0.00378777	0.00390831	0.00389371	0.00399749	0.00368785	0.00366245
1.7126811	0.046771	0.0445931	0.0439611	0.0462954	0.0445545	0.0467839	0.0446635	0.0455759	0.0442463	0.0454754	0.0456481	0.0468698	0.0430589	0.0430056	0.0356353	0.0296592	0.0252117	0.00109358	0.00436519	0.00416192	0.00410294	0.00432081	0.00415832	0.0043664	0.00416849	0.00425365	0.00412956	0.00424427	0.00426039	0.00437441	0.00401874	0.00401376
1.7273194	0.0454042	0.043129	0.0418649	0.0448097	0.0426834	0.0449912	0.0428819	0.0436502	0.0424511	0.0433126	0.0437471	0.045087	0.0413551	0.0415155	0.036459	0.031125	0.0262237	0.00174026	0.00435306	0.00413493	0.00401373	0.00429606	0.00409221	0.00431347	0.00411124	0.0041849	0.00406994	0.00415253	0.00419419	0.00432265	0.00396486	0.00398024
1.7419577	0.0434983	0.0411073	0.0392703	0.0429994	0.04042	0.0426505	0.0405458	0.0411279	0.040258	0.0407544	0.0412041	0.0427549	0.0392179	0.0394632	0.0355869	0.0308175	0.0258632	0.00190344	0.00382935	0.00361886	0.00345714	0.00378543	0.00355835	0.00375471	0.00356943	0.00362067	0.00354409	0.0035878	0.00362738	0.00376391	0.00345253	0.00347412
1.756596	0.0411456	0.0387087	0.036472	0.0409716	0.0379739	0.0400966	0.0378086	0.0382982	0.0378947	0.0381559	0.0383438	0.0400693	0.0367953	0.0369656	0.0333545	0.028968	0.0240197	0.001585	0.00293128	0.00275767	0.00259832	0.00291888	0.00270532	0.00285654	0.00269355	0.00272843	0.00269968	0.00271829	0.00273167	0.0028546	0.00262136	0.00263348
1.7712343	0.038666	0.0363347	0.033898	0.0389665	0.0356789	0.0377378	0.0350461	0.0356457	0.0357261	0.0359251	0.0356999	0.0374374	0.0344573	0.0344302	0.0306687	0.0264112	0.0212852	0.00102011	0.00200341	0.00188262	0.00175636	0.00201898	0.00184863	0.00195531	0.00181585	0.00184692	0.00185108	0.00186139	0.00184972	0.00193975	0.00178534	0.00178394
1.7858726	0.0364182	0.0343846	0.031888	0.0372022	0.0338044	0.0358341	0.03266	0.0335797	0.0340344	0.0342806	0.0337105	0.0352496	0.0325705	0.0323078	0.0283936	0.0241212	0.0185845	0.000952596	0.00143309	0.00135306	0.00125482	0.00146394	0.00133023	0.00141011	0.0012852	0.00132139	0.00133928	0.00134897	0.00132654	0.0013871	0.00128168	0.00127134
1.8005109	0.0346266	0.0330481	0.030547	0.0357588	0.0324313	0.03438	0.0308892	0.032226	0.0328711	0.0331536	0.0324946	0.033679	0.0312941	0.0308409	0.0269907	0.0227762	0.0167886	0.00181173	0.00149369	0.00142559	0.00131771	0.00154253	0.00139899	0.00148305	0.00133247	0.00139013	0.00141796	0.00143015	0.00140172	0.00145281	0.00134993	0.00133039
1.8151492	0.0333167	0.0322341	0.0297377	0.0345712	0.0314488	0.0331767	0.0297324	0.0314055	0.0320662	0.0322875	0.0318373	0.0326365	0.0305265	0.029966	0.0263948	0.022411	0.016231	0.00260605	0.00226632	0.00219268	0.00202286	0.00235165	0.00213926	0.0022568	0.00202251	0.00213631	0.00218125	0.00219631	0.00216569	0.00222005	0.00207652	0.00203839
1.8297875	0.0323548	0.031655	0.0291773	0.0335019	0.030637	0.0320168	0.0289967	0.030777	0.0313507	0.031415	0.0313457	0.0318758	0.0299935	0.0293939	0.0261353	0.02247	0.0164378	0.00282688	0.00359076	0.0035131	0.00323812	0.00371808	0.00340012	0.00355325	0.00321808	0.00341566	0.00347933	0.00348646	0.00347877	0.00353761	0.00332871	0.00326216
1.8444258	0.0315311	0.0310004	0.0285789	0.0324302	0.0297738	0.0308059	0.028413	0.0300294	0.0304982	0.0303828	0.0306526	0.0311297	0.0293922	0.0287794	0.0256338	0.0222401	0.016524	0.00240764	0.00506303	0.00497782	0.00458899	0.00520741	0.00478085	0.00494658	0.00456236	0.0048219	0.00489717	0.00487864	0.00492197	0.00499857	0.00471958	0.00462118
1.8590641	0.0306547	0.0301049	0.0277821	0.0313085	0.0287354	0.0295551	0.0277651	0.0290246	0.0294211	0.0292001	0.029575	0.0302141	0.0285289	0.0278912	0.0245291	0.0212574	0.0158313	0.00171572	0.00616372	0.00605317	0.00558613	0.00629518	0.0057778	0.00594263	0.00558272	0.00583596	0.00591569	0.00587124	0.00594662	0.00607512	0.0057363	0.00560807
1.8737024	0.0296357	0.0290134	0.0268066	0.0301699	0.0275511	0.0283177	0.0269728	0.0278309	0.0281883	0.028017	0.0281718	0.0290945	0.0274035	0.0267177	0.0228716	0.0195057	0.0142524	0.00134213	0.00648861	0.00635238	0.0058692	0.00660559	0.00603219	0.00620005	0.00590559	0.00609347	0.00617171	0.0061342	0.0061681	0.00637012	0.00599989	0.00584972
1.8883407	0.0285052	0.0279015	0.0257879	0.0290789	0.0263562	0.0271369	0.0260773	0.0266293	0.0269481	0.027022	0.0266773	0.0278815	0.0261793	0.0254396	0.0210925	0.0174183	0.0122118	0.00130869	0.00593976	0.00581397	0.00537354	0.00605932	0.00549196	0.00565466	0.00543385	0.00554888	0.00561531	0.0056307	0.00555887	0.00580979	0.00545512	0.00530097
1.902979	0.0273483	0.0269111	0.0248388	0.0280509	0.025261	0.0260084	0.0251467	0.0255552	0.0258028	0.0262915	0.0253365	0.0267327	0.0250436	0.0242748	0.0197306	0.0156876	0.0104416	0.00119244	0.00476281	0.00468666	0.00432576	0.00488515	0.0043993	0.00452946	0.00437938	0.00445052	0.00449365	0.00457875	0.00441243	0.00465558	0.00436143	0.00422754
1.9176173	0.0262171	0.0260362	0.0239547	0.0270081	0.0242497	0.0248709	0.0241941	0.024599	0.0247324	0.0257178	0.0242559	0.0257315	0.0240701	0.0233127	0.0190607	0.0148771	0.00962414	0.00106845	0.00344159	0.00341784	0.0031446	0.00354543	0.00318333	0.00326487	0.00317602	0.00322917	0.00324668	0.00337604	0.00318414	0.00337784	0.00315975	0.00306032
1.9322556	0.0251058	0.0251452	0.0230393	0.0258337	0.0232114	0.0236676	0.0231879	0.0236519	0.0236422	0.0250964	0.0233797	0.0248558	0.023216	0.0224794	0.0189432	0.0150352	0.00988561	0.0011201	0.00254376	0.00254776	0.00233438	0.00261752	0.00235182	0.00239805	0.00234944	0.00239645	0.00239547	0.00254281	0.00236887	0.00251844	0.00235228	0.00227765
1.9468939	0.0239889	0.0241077	0.0220077	0.0244904	0.0220672	0.0224343	0.0221299	0.0226395	0.0224824	0.0242736	0.0225874	0.024043	0.0224214	0.0216391	0.0190352	0.0157257	0.0106766	0.00119709	0.00252886	0.00254138	0.00232	0.00258172	0.00232628	0.00236497	0.00233289	0.0023866	0.00237005	0.00255886	0.00238112	0.00253456	0.00236361	0.00228114
1.9615322	0.0228533	0.0229072	0.0208693	0.0230945	0.0208705	0.0212959	0.0211058	0.0216069	0.0213182	0.0232181	0.0218034	0.0232496	0.0216581	0.0207085	0.019039	0.0163848	0.0113382	0.00130999	0.00353226	0.0035406	0.00322561	0.00356953	0.00322579	0.00329155	0.00326217	0.00333962	0.00329499	0.00358864	0.00336998	0.00359351	0.00334752	0.00320075
1.9761705	0.0217144	0.0216583	0.0197304	0.0218636	0.0197916	0.0203541	0.0202479	0.0206865	0.0202837	0.0220028	0.0210346	0.022456	0.0208915	0.0196943	0.0187451	0.0165562	0.0114961	0.0015505	0.00521899	0.00520552	0.00474214	0.00525484	0.00475685	0.00489205	0.00486652	0.00497194	0.00487512	0.00528832	0.00505561	0.00539723	0.0050212	0.00473346
1.9908088	0.0206407	0.0205299	0.0187266	0.0209759	0.0190048	0.0196047	0.0196426	0.0199958	0.0194729	0.0207559	0.020339	0.021659	0.0200633	0.0186643	0.0180015	0.0159821	0.0110417	0.00166366	0.00684572	0.00680898	0.0062109	0.00695691	0.00630315	0.00650212	0.0065147	0.00663182	0.00645841	0.00688393	0.00674565	0.00718344	0.00665423	0.00619021
2.0054471	0.0197565	0.0196532	0.0179427	0.020465	0.0185677	0.0189847	0.0192755	0.0195665	0.0188798	0.0196202	0.019767	0.0208817	0.0191486	0.0177092	0.0167687	0.0146684	0.0100255	0.00141304	0.00773201	0.00769158	0.00702216	0.0080093	0.00726676	0.00742998	0.00754376	0.00765764	0.00738893	0.0076787	0.00773613	0.00817241	0.0074941	0.0069308
