F	chi1_3K	chi1_10K	chi1_15K	chi1_20K	chi1_25K	chi2_3K	chi2_10K	chi2_15K	chi2_20K	chi2_25K
0.22323438	0	-0.000766985	1.69E-05	0.00147179	-0.000244043	0	0.00130847	0.00157218	0.00173396	0.00492377
0.22506417	0	-0.000785867	3.41E-06	0.00142831	-0.000319074	0	0.00127443	0.00155387	0.00174676	0.00490167
0.22689396	0	-0.000802658	-1.00E-05	0.00138568	-0.000393342	0	0.00124095	0.00153505	0.00175765	0.0048763
0.22872375	0	-0.000817363	-2.36E-05	0.00134375	-0.000466531	0	0.00120838	0.00151594	0.00176688	0.00484773
0.23055354	0	-0.000830304	-3.72E-05	0.00130252	-0.00053912	0	0.0011767	0.00149667	0.00177452	0.00481615
0.23238333	0	-0.000841325	-5.09E-05	0.00126198	-0.000610159	0	0.00114597	0.00147711	0.00178062	0.00478162
0.23421312	0	-0.000850907	-6.50E-05	0.00122215	-0.000680288	0	0.00111631	0.00145746	0.00178528	0.0047442
0.23604291	0	-0.000858895	-7.96E-05	0.00118269	-0.000749037	0	0.00108779	0.00143772	0.00178852	0.00470394
0.2378727	0.00E+00	-0.000865292	-9.39E-05	0.0011444	-0.000816096	-5.78E-19	0.00106044	0.00141794	0.00179044	0.00466101
0.23970249	0	-0.000870259	-0.000108761	0.00110665	-0.000881473	0	0.00103441	0.0013982	0.00179103	0.00461548
0.24153228	0.00E+00	-0.000874117	-0.000124367	0.00106943	-0.000945492	-5.78E-19	0.00100969	0.00137844	0.00179034	0.00456739
0.24336207	0	-0.000877027	-0.000140114	0.0010329	-0.00100753	0	0.000986315	0.00135868	0.00178831	0.00451676
0.24519186	0.00E+00	-0.000878832	-0.000156478	0.000996903	-0.00106743	5.77E-19	0.000964264	0.00133893	0.00178494	0.0044637
0.24702165	0	-0.00087985	-0.000173304	0.000961746	-0.00112537	0	0.000943591	0.00131919	0.00178025	0.00440826
0.24885144	0	-0.000880082	-0.00019075	0.000927111	-0.00118119	0	0.000924297	0.00129945	0.00177416	0.00435044
0.25068123	0	-0.000879847	-0.000208818	0.000893314	-0.00123443	0	0.000906417	0.00127967	0.00176673	0.00429047
0.25251102	0	-0.000879144	-0.00022735	0.000859873	-0.00128525	0	0.000889909	0.00125984	0.00175788	0.00422832
0.25434081	0	-0.000878131	-0.000246507	0.00082774	-0.00133319	0	0.00087478	0.00123987	0.00174754	0.00416402
0.2561706	0	-0.000877127	-0.000266447	0.000795957	-0.00137872	0	0.000861077	0.00121986	0.00173584	0.00409779
0.25800039	0	-0.000875812	-0.000286697	0.000765315	-0.00142092	0	0.000848657	0.00119959	0.00172267	0.00402965
0.25983018	0	-0.00087482	-0.00030789	0.000735336	-0.00146056	0	0.000837616	0.00117915	0.00170801	0.0039597
0.26165997	0	-0.000873834	-0.000329236	0.000706491	-0.00149657	0	0.000827746	0.00115836	0.00169191	0.00388806
0.26348976	0	-0.000873011	-0.000351054	0.00067846	-0.00152956	0	0.000819093	0.00113725	0.00167437	0.00381487
0.26531955	0	-0.000872825	-0.000373343	0.000651558	-0.00155908	0	0.000811701	0.0011158	0.00165545	0.00374026
0.26714934	0	-0.000872959	-0.000395947	0.000625939	-0.00158513	0	0.000805374	0.00109389	0.0016351	0.00366427
0.26897913	0	-0.000873727	-0.000418867	0.000601126	-0.00160787	0	0.000800156	0.00107152	0.00161351	0.00358722
0.27080892	0	-0.000874971	-0.000441788	0.000577748	-0.00162684	0	0.000795883	0.00104865	0.00159062	0.00350907
0.27263871	0	-0.000877007	-0.000465028	0.000555329	-0.00164219	0	0.000792623	0.00102524	0.00156659	0.0034301
0.2744685	0	-0.000879676	-0.000488114	0.000534658	-0.00165378	0	0.000790224	0.00100126	0.00154147	0.00335044
0.27629829	0	-0.000883451	-0.000511048	0.000514939	-0.00166177	0	0.00078863	0.000976712	0.00151539	0.00327018
0.27812808	0.00E+00	-0.000887541	-0.000533515	0.000497121	-0.00166585	5.76E-19	0.000787748	0.000951494	0.00148838	0.00318953
0.27995787	0	-0.000892738	-0.000555834	0.000480251	-0.00166648	0	0.000787503	0.000925691	0.00146066	0.00310867
0.28178766	0	-0.000898724	-0.000577533	0.000465118	-0.0016629	0	0.00078785	0.000899252	0.00143232	0.00302772
0.28361745	0	-0.000905341	-0.000598298	0.000451563	-0.00165574	0	0.000788753	0.000872258	0.00140348	0.00294692
0.28544724	0	-0.000912749	-0.000618605	0.000439425	-0.00164499	0	0.000789993	0.000844611	0.00137431	0.00286637
0.28727703	0	-0.000921105	-0.000637824	0.00042886	-0.00163019	0	0.000791622	0.000816451	0.00134498	0.00278626
0.28910682	0.00E+00	-0.000930411	-0.000655958	0.00041971	-0.00161229	-1.15E-18	0.000793466	0.000787743	0.00131561	0.00270676
0.29093661	0.00E+00	-0.000940035	-0.000672852	0.00041229	-0.00159034	-1.15E-18	0.000795493	0.000758499	0.00128636	0.00262806
0.2927664	0.00E+00	-0.000950453	-0.000688505	0.000406599	-0.00156498	1.15E-18	0.000797642	0.00072892	0.00125746	0.00255038
0.29459619	0	-0.000961982	-0.00070308	0.000401846	-0.00153668	0	0.000799744	0.000698909	0.001229	0.00247372
0.29642598	0	-0.000973519	-0.000715787	0.000399137	-0.00150482	0	0.000801809	0.000668649	0.00120119	0.00239843
0.29825577	0	-0.000985854	-0.000726943	0.000397525	-0.00146969	0	0.000803681	0.000638109	0.00117416	0.00232461
0.30008556	0	-0.000998674	-0.000736392	0.000397485	-0.00143147	0	0.000805343	0.000607482	0.00114809	0.00225249
0.30191535	0	-0.00101182	-0.000744134	0.000398701	-0.00139063	0	0.000806664	0.000576857	0.00112316	0.00218219
0.30374514	0	-0.00102546	-0.000750011	0.000401174	-0.00134684	0	0.000807613	0.000546245	0.00109946	0.00211386
0.30557493	0	-0.00103912	-0.000754022	0.000404748	-0.00130057	0	0.000808129	0.000515895	0.00107718	0.00204775
0.30740472	0	-0.00105311	-0.000756009	0.000409425	-0.00125199	0	0.000808037	0.000485738	0.00105636	0.00198392
0.30923451	0	-0.00106712	-0.000756128	0.000415206	-0.00120108	0	0.000807407	0.000456051	0.00103718	0.00192261
0.3110643	0	-0.00108116	-0.000754377	0.000421619	-0.00114816	0	0.000806089	0.000426893	0.00101969	0.00186392
0.31289409	0	-0.00109507	-0.000750754	0.000428982	-0.00109369	0	0.000804047	0.000398298	0.00100397	0.00180798
0.31472388	0.00E+00	-0.00110901	-0.000745255	0.000436664	-0.00103783	-2.30E-18	0.000801255	0.000370509	0.000990055	0.00175493
0.31655367	0.00E+00	-0.0011225	-0.000737878	0.000444983	-0.000980727	-2.30E-18	0.00079767	0.000343542	0.00097799	0.00170489
0.31838346	0	-0.0011357	-0.00072862	0.000453783	-0.000922218	0	0.000793184	0.000317541	0.000967756	0.0016579
0.32021325	0.00E+00	-0.00114847	-0.000717792	0.000462431	-0.000863562	2.30E-18	0.000787853	0.0002926	0.000959373	0.00161408
0.32204304	0	-0.0011608	-0.00070555	0.000471404	-0.00080412	0	0.000781652	0.000268806	0.000952801	0.00157349
0.32387283	0	-0.00117252	-0.000691572	0.000480226	-0.000744519	0	0.0007745	0.000246187	0.000947931	0.00153614
0.32570262	0	-0.00118365	-0.000676489	0.000488739	-0.00068507	0	0.000766444	0.00022488	0.000944734	0.0015021
0.32753241	0	-0.00119403	-0.000660137	0.000497101	-0.000625927	0	0.000757449	0.000204886	0.000943048	0.00147127
0.3293622	0	-0.0012038	-0.000642674	0.000505153	-0.000567401	0	0.000747502	0.000186204	0.000942824	0.00144371
0.33119199	0	-0.00121266	-0.000624252	0.000512578	-0.000509648	0	0.000736732	0.000168937	0.000943905	0.00141939
0.33302178	0	-0.00122045	-0.000605028	0.000519689	-0.000452665	0	0.000725041	0.00015303	0.000946122	0.00139824
0.33485157	0	-0.00122763	-0.000585158	0.000526168	-0.000397241	0	0.000712519	0.000138464	0.000949346	0.00138014
0.33668136	0	-0.00123358	-0.000564797	0.000532014	-0.000343058	0	0.000699187	0.000125295	0.000953435	0.00136511
0.33851115	0	-0.00123844	-0.000543946	0.000537541	-0.000290115	0	0.000685033	0.000113368	0.000958185	0.00135294
0.34034094	0	-0.0012427	-0.000523078	0.00054227	-0.000239204	0	0.000670211	0.00010269	0.000963483	0.00134361
0.34217073	0	-0.00124556	-0.000501716	0.000546518	-1.90E-04	0	0.00065466	9.32E-05	0.000969188	0.001337
0.34400052	0	-0.00124765	-0.000480495	0.000550123	-1.43E-04	0	0.000638522	8.48E-05	0.000975133	0.00133301
0.34583031	0	-0.00124849	-0.000459256	0.000553241	-9.74E-05	0	0.000621803	7.74E-05	0.000981228	0.00133151
0.3476601	0	-0.00124872	-0.000438476	0.00055587	-5.43E-05	0	0.000604577	7.10E-05	0.000987276	0.00133239
0.34948989	0	-0.00124753	-0.00041752	0.000558167	-1.31E-05	0	0.000586895	6.54E-05	0.000993269	0.00133552
0.35131968	0	-0.00124541	-0.000396865	0.000560291	2.61E-05	0	0.000568842	6.06E-05	0.000999102	0.00134079
0.35314947	0	-0.0012425	-0.00037667	0.000561762	6.27E-05	0	0.000550466	5.64E-05	0.00100469	0.00134813
0.35497926	0	-0.00123849	-0.000356779	0.000563215	9.73E-05	0	0.000531838	5.28E-05	0.00100997	0.00135741
0.35680905	0	-0.00123354	-0.000337034	0.000564491	1.30E-04	0	0.000512973	4.97E-05	0.00101494	0.00136849
0.35863884	0	-0.00122779	-0.000317751	0.000565748	1.60E-04	0	0.000494028	4.70E-05	0.00101962	0.00138138
0.36046863	0	-0.0012211	-0.000298776	0.000566827	1.89E-04	0	0.000474989	4.46E-05	0.00102389	0.00139582
0.36229842	0	-0.00121361	-0.000280109	0.000567887	2.15E-04	0	0.000455901	4.25E-05	0.00102788	0.00141182
0.36412821	0	-0.00120532	-0.00026175	0.000568927	2.39E-04	0	0.000436842	4.06E-05	0.00103151	0.0014292
0.365958	0	-0.00119623	-0.000243541	0.000569949	2.60E-04	0	0.000417888	3.89E-05	0.00103486	0.00144793
0.36778779	0	-0.0011865	-0.000225642	0.000570952	2.80E-04	0	0.000399072	3.73E-05	0.00103795	0.00146785
0.36961758	0	-0.00117613	-0.000208055	0.00057162	2.98E-04	0	0.000380421	3.57E-05	0.00104084	0.00148888
0.37144737	0	-0.00116495	-0.000190301	0.000572589	3.13E-04	0	0.000362059	3.43E-05	0.00104356	0.00151093
0.37327716	0	-0.00115344	-0.000172859	0.000573223	3.27E-04	0	0.00034393	3.28E-05	0.0010461	0.0015338
0.37510695	0	-0.00114128	-0.00015557	0.000573682	3.38E-04	0	0.000326138	3.15E-05	0.00104855	0.00155737
0.37693674	0	-0.00112831	-0.000137958	0.000574126	3.48E-04	0	0.000308693	3.02E-05	0.00105095	0.00158161
0.37876653	0	-0.001115	-0.000120657	0.000574236	3.55E-04	0	0.000291647	2.89E-05	0.00105328	0.00160627
0.38059632	0	-0.0011012	-0.000103352	0.000573855	3.61E-04	0	0.000275018	2.77E-05	0.00105555	0.00163124
0.38242611	0	-0.00108706	-8.59E-05	0.000573302	3.65E-04	0	0.00025888	2.66E-05	0.00105783	0.00165637
0.3842559	0	-0.00107258	-6.86E-05	0.000572099	3.67E-04	0	0.000243196	2.56E-05	0.00106008	0.00168153
0.38608569	0	-0.0010576	-5.12E-05	0.000570406	3.67E-04	0	0.000228011	2.48E-05	0.00106234	0.00170655
0.38791548	0	-0.00104229	-3.39E-05	0.000568223	3.65E-04	0	0.000213389	2.41E-05	0.00106453	0.00173126
0.38974527	0	-0.00102679	-1.64E-05	0.000565233	3.62E-04	0	0.000199281	2.36E-05	0.0010667	0.00175549
0.39157506	0	-0.00101096	1.06E-06	0.000561913	3.56E-04	0	0.000185724	2.33E-05	0.00106876	0.00177912
0.39340485	0	-0.00099462	1.84E-05	0.000557788	3.50E-04	0	0.00017276	2.33E-05	0.00107075	0.00180198
0.39523464	0	-0.000978423	3.56E-05	0.000552857	3.42E-04	0	0.000160331	2.34E-05	0.00107256	0.0018239
0.39706443	0	-0.000961887	5.29E-05	0.000547281	3.32E-04	0	0.000148545	2.39E-05	0.00107424	0.00184482
0.39889422	0	-0.000945172	7.00E-05	0.0005409	3.21E-04	0	0.000137255	2.46E-05	0.00107567	0.00186449
0.40072401	0	-0.000928438	8.67E-05	0.000533876	3.09E-04	0	0.000126571	2.57E-05	0.00107688	0.00188289
0.4025538	0	-0.000911527	0.000103384	0.00052605	2.96E-04	0	0.000116415	2.70E-05	0.00107776	0.00189984
0.40438359	0	-0.00089444	0.000119623	0.000517583	2.82E-04	0	0.000106846	2.86E-05	0.00107835	0.00191525
0.40621338	0	-8.77E-04	0.000135702	0.000508474	2.67E-04	0	9.78E-05	3.06E-05	0.00107853	0.00192907
0.40804317	0	-8.61E-04	0.000151145	0.000498727	2.50E-04	0	8.93E-05	3.28E-05	0.00107833	0.00194117
0.40987296	0	-8.43E-04	0.000166429	0.000488501	2.34E-04	0	8.12E-05	3.53E-05	0.00107772	0.00195151
0.41170275	0.00E+00	-8.26E-04	0.000180915	0.000477637	2.16E-04	-2.31E-18	7.36E-05	3.81E-05	0.0010766	0.00196002
0.41353254	0.00E+00	-8.10E-04	0.000195083	0.000466456	1.98E-04	-2.31E-18	6.65E-05	4.12E-05	0.00107501	0.00196669
0.41536233	0	-7.93E-04	0.000208613	0.0004548	1.80E-04	0	5.98E-05	4.45E-05	0.00107293	0.00197147
0.41719212	0	-7.76E-04	0.000221664	0.000442987	1.61E-04	0	5.34E-05	4.80E-05	0.00107033	0.00197441
0.41902191	0.00E+00	-7.59E-04	0.000234076	0.000431019	1.42E-04	2.31E-18	4.75E-05	5.17E-05	0.00106721	0.00197545
0.4208517	0	-7.43E-04	0.000245692	0.000418579	1.23E-04	0	4.18E-05	5.57E-05	0.00106359	0.0019746
0.42268149	0.00E+00	-7.26E-04	0.000256669	0.000406303	1.04E-04	-2.31E-18	3.64E-05	5.98E-05	0.00105942	0.00197195
0.42451128	0	-7.10E-04	0.000267008	0.000394193	8.47E-05	0	3.13E-05	6.40E-05	0.00105474	0.00196746
0.42634107	0	-6.94E-04	0.00027655	0.00038193	6.55E-05	0	2.64E-05	6.83E-05	0.00104957	0.00196127
0.42817086	0.00E+00	-6.78E-04	0.000285136	0.000369834	4.67E-05	2.31E-18	2.17E-05	7.27E-05	0.00104392	0.00195339
0.43000065	0	-6.62E-04	0.000293244	0.000358064	2.82E-05	0	1.71E-05	7.72E-05	0.00103783	0.00194395
0.43183044	0	-6.47E-04	0.000300396	0.00034646	1.00E-05	0	1.27E-05	8.18E-05	0.00103127	0.00193296
0.43366023	0	-6.31E-04	0.000306911	0.000335342	-7.68E-06	0	8.39E-06	8.63E-05	0.00102436	0.00192057
0.43549002	0	-6.16E-04	0.000312789	0.000324709	-2.47E-05	0	4.12E-06	9.08E-05	0.00101707	0.00190688
0.43731981	0	-6.01E-04	0.000317713	0.000314402	-4.14E-05	0	-7.92E-08	9.53E-05	0.00100949	0.001892
0.4391496	0.00E+00	-5.86E-04	0.00032216	0.000304898	-5.75E-05	-2.31E-18	-4.26E-06	9.98E-05	0.00100163	0.00187604
0.44097939	0.00E+00	-5.71E-04	0.000325652	0.000295721	-7.29E-05	-2.31E-18	-8.43E-06	0.000104177	0.000993542	0.00185911
0.44280918	0.00E+00	-5.57E-04	0.000328668	0.000287345	-8.75E-05	2.31E-18	-1.26E-05	0.000108489	0.000985298	0.00184137
0.44463897	0.00E+00	-5.42E-04	0.000331208	0.000279772	-0.000101483	-2.31E-18	-1.68E-05	0.000112698	0.000976918	0.00182293
0.44646876	0.00E+00	-5.28E-04	0.000332794	0.000272525	-0.000114804	2.31E-18	-2.10E-05	0.000116766	0.000968487	0.00180393
0.44829855	0.00E+00	-5.14E-04	0.000333904	0.000266396	-0.000127321	2.31E-18	-2.53E-05	0.000120727	0.000960034	0.00178449
0.45012834	0	-5.00E-04	0.000334856	0.000260911	-0.000138877	0	-2.96E-05	0.000124555	0.00095163	0.00176476
0.45195813	0.00E+00	-4.86E-04	0.000335014	0.000255909	-0.000149788	-2.31E-18	-3.39E-05	0.000128231	0.000943348	0.00174487
0.45378792	0.00E+00	-4.72E-04	0.000334855	0.000252025	-0.000159897	2.31E-18	-3.82E-05	0.000131739	0.000935171	0.00172492
0.45561771	0.00E+00	-4.59E-04	0.000334539	0.000248941	-0.000169046	-2.31E-18	-4.26E-05	0.000135096	0.000927229	0.00170506
0.4574475	0	-4.45E-04	0.000333588	0.000246182	-0.000177709	0	-4.70E-05	0.000138312	0.000919558	0.00168545
0.45927729	0	-4.32E-04	0.000332479	0.000244382	-0.000185413	0	-5.14E-05	0.00014137	0.000912166	0.00166612
0.46110708	0.00E+00	-4.19E-04	0.00033137	0.000243381	-0.000192157	-2.31E-18	-5.58E-05	0.000144259	0.000905149	0.00164721
0.46293687	0	-4.05E-04	0.000329787	0.000242863	-0.000198734	0	-6.01E-05	0.00014704	0.000898545	0.00162886
0.46476666	0	-3.92E-04	0.000328521	0.000243144	-0.000204192	0	-6.44E-05	0.000149669	0.000892346	0.00161111
0.46659645	0.00E+00	-3.80E-04	0.000326939	0.000243749	-0.000209168	-2.31E-18	-6.86E-05	0.00015214	0.000886622	0.00159404
0.46842624	0.00E+00	-3.67E-04	0.000325358	0.000245312	-0.000213342	-2.31E-18	-7.27E-05	0.000154533	0.000881428	0.00157778
0.47025603	0.00E+00	-3.54E-04	0.000324095	0.00024704	-0.000217191	-2.31E-18	-7.67E-05	0.000156797	0.00087676	0.00156232
0.47208582	0	-3.42E-04	0.000322674	0.000249408	-0.00022024	0	-8.05E-05	0.000158983	0.000872629	0.00154775
0.47391561	0	-3.29E-04	0.00032173	0.000252258	-0.000222806	0	-8.41E-05	0.000161062	0.000869045	0.00153406
0.4757454	0.00E+00	-3.17E-04	0.000320628	0.000255431	-0.000225047	-2.31E-18	-8.75E-05	0.000163133	0.000866064	0.00152137
0.47757519	0	-3.06E-04	0.000319844	0.00025861	-0.000226804	0	-9.07E-05	0.000165159	0.000863689	0.00150962
0.47940498	0	-2.93E-04	0.000319537	0.000262429	-0.000227921	0	-9.36E-05	0.000167134	0.000861872	0.00149882
0.48123477	0.00E+00	-2.82E-04	0.000319232	0.000266094	-0.00022903	-2.31E-18	-9.63E-05	0.000169115	0.000860643	0.00148899
0.48306456	0	-2.71E-04	0.000319403	0.000270242	-0.000229656	0	-9.87E-05	0.000171125	0.000860005	0.00148013
0.48489435	0	-0.000259611	0.000319893	0.000274394	-0.000230117	0	-0.000100721	0.000173155	0.000859927	0.00147221
0.48672414	0	-0.000248843	0.000320542	0.000278394	-0.000230412	0	-0.000102443	0.000175245	0.000860394	0.00146519
0.48855393	0	-0.000238232	0.000321669	0.000282715	-0.000230226	0	-0.00010385	0.000177391	0.000861377	0.00145903
0.49038372	0.00E+00	-0.000227936	0.000323273	0.000287041	-0.000229875	-2.31E-18	-0.000104898	0.000179616	0.000862865	0.00145369
0.49221351	0	-0.000217955	0.000325037	0.000290897	-0.000229519	0	-0.000105535	0.000181955	0.00086486	0.00144916
0.4940433	0	-0.000208447	0.00032712	0.000295074	-0.000228999	0	-0.000105862	0.000184394	0.000867278	0.00144533
0.49587309	0	-0.000199254	0.000329521	0.000298779	-0.000228473	0	-0.000105815	0.000186968	0.000870142	0.0014422
0.49770288	0.00E+00	-0.000190216	0.0003324	0.000302489	-0.000227627	2.31E-18	-0.000105404	0.000189671	0.000873396	0.00143967
0.49953267	0	-0.00018181	0.000335281	0.000305884	-0.000226935	0	-0.000104638	0.000192496	0.000876986	0.00143767
0.50136246	0	-0.000173718	0.00033864	0.000309125	-0.000226082	0	-0.000103519	0.000195497	0.00088093	0.00143617
0.50319225	0	-0.000166098	0.000342	0.00031221	-0.000225225	0	-0.000102071	0.000198645	0.000885176	0.00143511
0.50502204	0	-0.000158952	0.000345679	0.000314981	-0.000224366	0	-0.00010028	0.000201944	0.000889659	0.0014344
0.50685183	0	-1.52E-04	0.000349678	0.000317437	-0.000223189	0	-9.82E-05	0.000205398	0.00089439	0.00143401
0.50868162	0	-1.46E-04	0.000353519	0.000319578	-0.000222327	0	-9.58E-05	0.000209011	0.000899301	0.00143385
0.51051141	0	-1.40E-04	0.00035768	0.000321404	-0.000221306	0	-9.32E-05	0.000212797	0.000904408	0.00143388
0.5123412	0	-1.35E-04	0.000362001	0.000322915	-0.000220443	0	-9.03E-05	0.000216713	0.000909635	0.00143406
0.51417099	0	-1.30E-04	0.000366324	0.000324268	-0.000219423	0	-8.72E-05	0.000220788	0.000914969	0.00143429
0.51600078	0.00E+00	-1.25E-04	0.000370331	0.000325304	-0.000218403	-2.31E-18	-8.39E-05	0.000224996	0.000920389	0.00143455
0.51783057	0	-1.21E-04	0.000374657	0.000326024	-0.000217384	0	-8.04E-05	0.000229336	0.000925857	0.0014348
0.51966036	0	-1.17E-04	0.000378825	0.000326427	-0.000216525	0	-7.68E-05	0.000233785	0.000931342	0.00143498
0.52149015	0	-1.14E-04	0.000382995	0.000326514	-0.000215511	0	-7.31E-05	0.000238348	0.000936845	0.00143506
0.52331994	0	-1.11E-04	0.000386691	0.000326282	-0.000214815	0	-6.94E-05	0.000243025	0.000942329	0.00143501
0.52514973	0	-1.09E-04	0.000390704	0.000325733	-0.000213964	0	-6.55E-05	0.000247786	0.000947778	0.00143479
0.52697952	0	-1.06E-04	0.000394243	0.000325024	-0.000213433	0	-6.17E-05	0.000252624	0.000953156	0.00143435
0.52880931	0.00E+00	-1.05E-04	0.000397782	0.000323998	-0.000212746	-2.31E-18	-5.78E-05	0.000257523	0.000958468	0.00143368
0.5306391	0.00E+00	-1.03E-04	0.000400846	0.000322494	-0.000212381	-2.31E-18	-5.40E-05	0.000262467	0.000963668	0.00143277
0.53246889	0	-1.02E-04	0.000403753	0.00032083	-0.000212019	0	-5.02E-05	0.000267475	0.000968769	0.00143157
0.53429868	0.00E+00	-1.01E-04	0.0004065	0.000318847	-0.000211978	2.31E-18	-4.65E-05	0.000272507	0.000973728	0.00143008
0.53612847	0.00E+00	-1.00E-04	0.000409089	0.000316863	-0.000211782	-2.31E-18	-4.28E-05	0.000277541	0.000978531	0.00142827
0.53795826	0.00E+00	-9.99E-05	0.000411203	0.0003144	-0.000212067	-2.31E-18	-3.94E-05	0.000282601	0.000983181	0.00142612
0.53978805	0	-9.97E-05	0.000412999	0.000311777	-0.000212514	0	-3.60E-05	0.000287661	0.000987661	0.00142365
0.54161784	0.00E+00	-9.95E-05	0.000414795	0.000308834	-0.000212965	-2.31E-18	-3.27E-05	0.000292706	0.000991941	0.0014208
0.54344763	0.00E+00	-9.95E-05	0.000416115	0.000305731	-0.000213579	2.31E-18	-2.97E-05	0.000297744	0.000996019	0.00141759
0.54527742	0	-9.95E-05	0.000417276	0.000302625	-0.000214515	0	-2.68E-05	0.00030275	0.000999894	0.00141404
0.54710721	0	-9.97E-05	0.000418119	0.000299199	-0.000215771	0	-2.40E-05	0.000307725	0.00100352	0.00141007
0.548937	0	-1.00E-04	0.000418645	0.000295612	-0.000217032	0	-2.15E-05	0.00031267	0.00100693	0.00140575
0.55076679	0	-1.00E-04	0.000419328	0.000292021	-0.000218773	0	-1.91E-05	0.000317579	0.00101007	0.00140103
0.55259658	0	-1.01E-04	0.000419219	0.000287953	-0.000220676	0	-1.69E-05	0.00032246	0.00101297	0.00139594
0.55442637	0.00E+00	-1.01E-04	0.000419267	0.000284199	-0.000222583	-2.31E-18	-1.49E-05	0.000327295	0.00101562	0.00139047
0.55625616	0	-1.01E-04	0.000418839	0.000280126	-0.00022481	0	-1.30E-05	0.000332093	0.001018	0.00138462
0.55808595	0	-1.01E-04	0.000418411	0.000276049	-0.000227358	0	-1.13E-05	0.000336866	0.0010201	0.00137842
0.55991574	0	-1.01E-04	0.000417824	0.000271812	-0.000229911	0	-9.77E-06	0.000341601	0.00102194	0.00137182
0.56174553	0	-1.02E-04	0.000417078	0.00026773	-0.000232783	0	-8.37E-06	0.000346308	0.0010235	0.00136492
0.56357532	0	-1.01E-04	0.000416332	0.000263804	-0.0002355	0	-7.12E-06	0.000350979	0.00102478	0.00135765
0.56540511	0	-1.02E-04	0.00041511	0.000259717	-0.000238537	0	-5.97E-06	0.000355638	0.00102578	0.00135008
0.5672349	0	-1.01E-04	0.000414205	0.000255945	-0.00024126	0	-4.94E-06	0.000360255	0.00102653	0.00134219
0.56906469	0	-1.01E-04	0.000412983	0.000252328	-0.000244303	0	-3.99E-06	0.000364881	0.00102701	0.00133403
0.57089448	0	-1.00E-04	0.00041192	0.00024871	-0.00024719	0	-3.11E-06	0.000369489	0.00102725	0.00132562
0.57272427	0	-9.98E-05	0.000410699	0.000245406	-0.00025008	0	-2.30E-06	0.000374096	0.00102723	0.00131697
0.57455406	0	-9.93E-05	0.00040932	0.0002421	-0.000252971	0	-1.51E-06	0.000378702	0.001027	0.00130813
0.57638385	0	-9.85E-05	0.000408099	0.000239109	-0.000255548	0	-7.58E-07	0.000383302	0.00102655	0.00129911
0.57821364	0	-9.75E-05	0.000406879	0.000236592	-0.000257969	0	-3.66E-09	0.000387913	0.00102591	0.00128996
0.58004343	0	-9.66E-05	0.000405501	0.000234389	-0.000260074	0	7.61E-07	0.000392538	0.00102506	0.00128069
0.58187322	0	-9.55E-05	0.000404282	0.000232343	-0.000262181	0	1.55E-06	0.00039716	0.00102407	0.00127137
0.58370301	0	-9.45E-05	0.000403222	0.000230613	-0.000263814	0	2.41E-06	0.000401814	0.00102298	0.00126204
0.5855328	0	-9.31E-05	0.000402163	0.000229357	-0.000264972	0	3.32E-06	0.000406483	0.00102174	0.00125271
0.58736259	0	-9.19E-05	0.000401105	0.000228574	-0.000265973	0	4.31E-06	0.000411145	0.00102041	0.00124343
0.58919238	0	-9.03E-05	0.000400047	0.000228108	-0.000266341	0	5.37E-06	0.000415835	0.00101902	0.00123426
0.59102217	0	-8.91E-05	0.000399148	0.000227957	-0.000266551	0	6.57E-06	0.000420543	0.0010176	0.00122523
0.59285196	0	-8.76E-05	0.00039825	0.000228281	-0.000266127	0	7.87E-06	0.000425252	0.00101617	0.00121639
0.59468175	0	-8.62E-05	0.00039751	0.000229237	-0.000265386	0	9.30E-06	0.000429972	0.00101474	0.00120777
0.59651154	0	-8.47E-05	0.000396613	0.000230193	-0.000264011	0	1.09E-05	0.000434706	0.00101337	0.00119942
0.59834133	0	-8.31E-05	0.000396032	0.000232099	-0.00026216	0	1.26E-05	0.000439416	0.00101206	0.00119137
0.60017112	0	-8.15E-05	0.000395294	0.000234005	-0.000259832	0	1.44E-05	0.000444143	0.00101083	0.00118366
0.60200091	0	-8.02E-05	0.000394555	0.000236386	-0.000257186	0	1.65E-05	0.000448856	0.00100973	0.00117633
0.6038307	0	-7.88E-05	0.000394133	0.000239243	-0.000253905	0	1.86E-05	0.000453521	0.00100874	0.00116941
0.60566049	0	-7.76E-05	0.000393236	0.000242258	-0.000250622	0	2.10E-05	0.000458196	0.00100793	0.00116295
0.60749028	0	-7.64E-05	0.000392813	0.000245748	-0.000246545	0	2.34E-05	0.000462809	0.00100727	0.00115692
0.60932007	0	-7.51E-05	0.000392389	0.000249555	-0.000241831	0	2.61E-05	0.00046739	0.00100681	0.00115138
0.61114986	0	-7.39E-05	0.000391806	0.000253363	-0.000237274	0	2.89E-05	0.000471918	0.00100654	0.00114633
0.61297965	0	-7.29E-05	0.000391223	0.000257489	-0.00023208	0	3.18E-05	0.000476394	0.00100647	0.0011418
0.61480944	0	-7.21E-05	0.000390638	0.000261615	-0.000226882	0	3.49E-05	0.000480794	0.00100662	0.00113778
0.61663923	0	-7.13E-05	0.000390052	0.000266216	-0.000221365	0	3.81E-05	0.000485114	0.00100697	0.00113426
0.61846902	0	-7.06E-05	0.000389305	0.00027066	-0.000215686	0	4.15E-05	0.000489346	0.00100753	0.00113125
0.62029881	0	-7.01E-05	0.000388558	0.000274946	-0.000210005	0	4.49E-05	0.000493501	0.00100831	0.00112873
0.6221286	0	-6.96E-05	0.000387808	0.00027955	-0.000204161	0	4.85E-05	0.000497522	0.00100928	0.0011267
0.62395839	0	-6.94E-05	0.000386899	0.000283837	-0.000198314	0	5.21E-05	0.000501449	0.00101043	0.00112511
0.62578818	0	-6.90E-05	0.000385987	0.000288125	-0.000192622	0	5.58E-05	0.000505269	0.00101177	0.00112397
0.62761797	0	-6.90E-05	0.000385073	0.000292254	-0.000186928	0	5.96E-05	0.000508951	0.00101325	0.0011232
0.62944776	0	-6.89E-05	0.000383999	0.000296068	-0.000181389	0	6.34E-05	0.00051249	0.00101486	0.0011228
0.63127755	0	-6.90E-05	0.000382606	0.000299406	-0.000176322	0	6.73E-05	0.000515927	0.0010166	0.00112274
0.63310734	0	-6.93E-05	0.000381211	0.000302745	-0.000171254	0	7.11E-05	0.000519196	0.00101842	0.00112294
0.63493713	0	-6.97E-05	0.000379814	0.000305608	-0.000166499	0	7.50E-05	0.000522339	0.00102032	0.0011234
0.63676692	0	-7.03E-05	0.000378099	0.000307997	-0.000162376	0	7.89E-05	0.000525334	0.00102226	0.00112404
0.63859671	0	-7.06E-05	0.000376539	0.000310227	-0.00015841	0	8.28E-05	0.000528173	0.00102421	0.00112482
0.6404265	0	-7.15E-05	0.000374503	0.000311665	-0.000155075	0	8.66E-05	0.000530891	0.00102616	0.00112571
0.64225629	0	-7.21E-05	0.000372623	0.000312944	-0.000151898	0	9.04E-05	0.000533455	0.00102807	0.00112663
0.64408608	0	-7.32E-05	0.000370267	0.000313431	-0.000149669	0	9.41E-05	0.000535867	0.00102991	0.00112755
0.64591587	0	-7.39E-05	0.00036791	0.000313443	-0.000147757	0	9.77E-05	0.00053814	0.00103168	0.00112844
0.64774566	0	-7.48E-05	0.000365551	0.00031298	-0.000146161	0	0.000101264	0.000540269	0.00103333	0.00112919
0.64957545	0	-7.57E-05	0.000362874	0.000312041	-0.000145198	0	0.000104742	0.000542283	0.00103484	0.00112983
0.65140524	0	-7.69E-05	0.000360038	0.000310311	-0.000145026	0	0.000108116	0.00054414	0.0010362	0.00113027
0.65323503	0	-7.82E-05	0.000356885	0.000308105	-0.00014533	0	0.000111383	0.000545903	0.0010374	0.0011305
0.65506482	0	-7.92E-05	0.000353889	0.000305266	-0.000146109	0	0.000114529	0.000547526	0.00103841	0.00113046
0.65689461	0	-8.03E-05	0.000350577	0.00030211	-0.000147363	0	0.000117554	0.000549043	0.0010392	0.00113012
0.6587244	0	-8.14E-05	0.000347107	0.000298162	-0.000149251	0	0.000120463	0.000550457	0.00103979	0.00112946
0.66055419	0	-8.25E-05	0.000343636	0.000293898	-0.000151614	0	0.00012323	0.000551751	0.00104013	0.00112843
0.66238398	0	-8.37E-05	0.000339691	0.000288843	-0.000154454	0	0.000125866	0.000552984	0.00104026	0.00112704
0.66421377	0	-8.48E-05	0.000335746	0.000283472	-0.000157769	0	0.000128374	0.000554117	0.00104015	0.00112527
0.66604356	0	-8.58E-05	0.000331803	0.000277626	-0.000161401	0	0.000130727	0.00055517	0.00103979	0.00112307
0.66787335	0	-8.71E-05	0.000327385	0.000271147	-0.000165668	0	0.000132958	0.000556176	0.00103919	0.00112047
0.66970314	0	-8.80E-05	0.000323127	0.000264511	-0.000170094	0	0.000135029	0.000557092	0.00103834	0.00111742
0.67153293	0	-8.91E-05	0.000318553	0.000257243	-0.000174996	0	0.000136967	0.000557974	0.00103725	0.00111395
0.67336272	0	-9.00E-05	0.000313981	0.000249818	-0.000180374	0	0.000138764	0.000558791	0.00103592	0.00111005
0.67519251	0	-9.11E-05	0.000309252	0.000241918	-0.000185754	0	0.00014043	0.000559571	0.00103436	0.00110572
0.6770223	0	-9.20E-05	0.000304209	0.000233545	-0.000191609	0	0.000141939	0.000560311	0.00103258	0.00110096
0.67885209	0	-9.29E-05	0.000299325	0.000225174	-0.000197467	0	0.000143322	0.000561028	0.00103058	0.00109578
0.68068188	0	-9.37E-05	0.000294127	0.000216328	-0.000203641	0	0.000144575	0.000561709	0.00102835	0.0010902
0.68251167	0	-9.46E-05	0.000288772	0.000207325	-0.000210134	0	0.00014569	0.000562368	0.00102593	0.00108423
0.68434146	0	-9.54E-05	0.000283578	0.000198166	-0.000216471	0	0.000146699	0.000563024	0.00102333	0.00107788
0.68617125	0	-9.60E-05	0.000278227	0.000189007	-0.000222967	0	0.000147588	0.000563648	0.00102052	0.00107116
0.68800104	0	-9.68E-05	0.000272878	0.000179533	-0.000229465	0	0.000148358	0.000564275	0.00101756	0.00106411
0.68983083	0	-9.75E-05	0.000267056	0.000169902	-0.000236123	0	0.000149003	0.00056487	0.00101442	0.00105671
0.69166062	0	-9.83E-05	0.000261553	0.000160272	-0.000242783	0	0.000149546	0.000565453	0.0010111	0.00104901
0.69349041	0	-9.89E-05	0.000255734	0.0001508	-0.000249286	0	0.000149987	0.000566032	0.00100764	0.00104103
0.6953202	0	-9.95E-05	0.000250234	0.000141171	-0.000255792	0	0.000150347	0.000566596	0.00100405	0.00103279
0.69714999	0	-0.000100152	0.000244419	0.000131701	-0.000262142	0	0.000150626	0.000567155	0.00100032	0.0010243
0.69897978	0	-0.000100612	0.000238606	0.000122231	-0.000268493	0	0.000150817	0.000567716	0.000996453	0.00101559
0.70080957	0	-0.00010123	0.000232952	0.000113077	-0.000274373	0	0.000150939	0.000568226	0.000992448	0.00100666
0.70263936	0	-0.000102007	0.000226983	0.000103765	-0.000280571	0	0.000151009	0.000568743	0.00098835	0.000997576
0.70446915	0	-0.000102469	0.000221332	9.48E-05	-0.000286139	0	0.00015102	0.000569233	0.000984124	0.000988327
0.70629894	0	-0.000102931	0.000215681	8.59E-05	-0.000291709	0	0.000150986	0.000569693	0.000979784	0.000978937
0.70812873	0	-0.000103552	0.000210189	7.72E-05	-0.000297124	0	0.000150919	0.00057013	0.000975352	0.000969438
0.70995852	0	-0.000104173	0.000204381	6.89E-05	-0.000302224	0	0.000150825	0.000570538	0.0009708	0.000959836
0.71178831	0	-0.000104636	0.00019889	6.08E-05	-0.000307011	0	0.00015072	0.000570909	0.000966161	0.000950177
0.7136181	0	-0.0001051	0.000193241	5.29E-05	-0.000311484	0	0.000150596	0.000571244	0.000961427	0.000940437
0.71544789	0	-0.00010588	0.000187908	4.52E-05	-0.0003158	0	0.000150493	0.000571527	0.000956607	0.000930688
0.71727768	0	-0.000106343	0.000182575	3.81E-05	-0.000319803	0	0.000150401	0.000571782	0.000951693	0.000920917
0.71910747	0	-0.000106965	0.000177242	3.11E-05	-0.000323334	0	0.000150353	0.00057199	0.000946708	0.000911157
0.72093726	0	-0.000107428	0.000172224	2.47E-05	-0.000326867	0	0.000150331	0.000572134	0.00094164	0.000901422
0.72276705	0	-0.00010789	0.000167206	1.85E-05	-0.000329611	0	0.000150371	0.000572242	0.000936514	0.000891743
0.72459684	0	-0.000108668	0.000162344	1.27E-05	-0.000332357	0	0.000150479	0.000572273	0.000931313	0.000882112
0.72642663	0	-0.000109129	0.000157482	7.12E-06	-0.000334631	0	0.00015067	0.000572261	0.000926085	0.000872582
0.72825642	0	-0.000109748	0.000152935	1.90E-06	-0.000336747	0	0.000150952	0.000572185	0.00092081	0.000863171
0.73008621	0	-0.000110365	0.000148387	-2.85E-06	-0.000338391	0	0.00015134	0.00057204	0.000915507	0.000853868
0.731916	0	-0.00011098	0.000143995	-7.13E-06	-0.000339719	0	0.000151849	0.000571856	0.000910189	0.000844727
0.73374579	0	-0.000111437	0.000139919	-1.13E-05	-0.000340574	0	0.000152488	0.000571605	0.000904881	0.000835758
0.73557558	0	-0.000112049	0.000135682	-1.49E-05	-0.000341428	0	0.000153266	0.000571289	0.000899583	0.000826975
0.73740537	0	-0.00011266	0.00013176	-1.82E-05	-0.000341651	0	0.000154211	0.000570926	0.000894322	0.000818404
0.73923516	0	-0.000113111	0.000127995	-2.13E-05	-0.000341716	0	0.000155308	0.000570487	0.000889099	0.000810053
0.74106495	0	-0.000113718	0.000124386	-2.38E-05	-0.000341463	0	0.000156593	0.000570018	0.000883961	0.000801975
0.74289474	0	-0.000114164	0.000120933	-2.60E-05	-0.000340894	0	0.000158074	0.000569478	0.000878907	0.000794156
0.74472453	0	-0.000114923	0.000117321	-2.83E-05	-0.000340165	0	0.000159751	0.000568912	0.000873986	0.000786639
0.74655432	0	-0.000115364	0.000114023	-3.02E-05	-0.000339118	0	0.000161616	0.000568284	0.000869182	0.000779423
0.74838411	0	-0.000115961	0.000110724	-3.18E-05	-0.000337753	0	0.000163721	0.000567644	0.000864552	0.000772551
0.7502139	0	-0.000116396	0.000107739	-3.31E-05	-0.000336227	0	0.000166028	0.000566939	0.000860096	0.000766006
0.75204369	0	-0.000116828	0.000104752	-3.44E-05	-0.000334541	0	0.000168558	0.000566204	0.000855837	0.000759827
0.75387348	0	-0.000117416	0.000101764	-3.55E-05	-0.000332693	0	0.000171322	0.000565446	0.000851794	0.000754016
0.75570327	0	-0.000117842	9.89E-05	-3.66E-05	-0.000330842	0	0.00017432	0.000564668	0.000848011	0.000748606
0.75753306	0	-0.000118423	9.61E-05	-3.74E-05	-0.00032883	0	0.000177541	0.000563881	0.000844492	0.000743585
0.75936285	0	-0.000119001	9.33E-05	-3.85E-05	-0.000326813	0	0.000180988	0.00056307	0.000841249	0.000738959
0.76119264	0	-0.000119417	9.07E-05	-3.93E-05	-0.000324476	0	0.000184658	0.000562243	0.000838281	0.00073472
0.76302243	0	-0.000119989	8.81E-05	-4.04E-05	-0.000322451	0	0.00018854	0.000561405	0.000835632	0.000730912
0.76485222	0	-0.000120558	8.55E-05	-4.14E-05	-0.000320264	0	0.000192626	0.000560555	0.00083329	0.000727493
0.76668201	0	-0.000121124	8.29E-05	-4.25E-05	-0.000318231	0	0.000196918	0.0005597	0.000831274	0.000724471
0.7685118	0	-0.000121688	8.00E-05	-4.39E-05	-0.00031635	0	0.000201394	0.000558863	0.000829592	0.000721852
0.77034159	0	-0.000122406	7.77E-05	-4.52E-05	-0.000314308	0	0.000206045	0.000558006	0.000828226	0.0007196
0.77217138	0	-0.000123123	7.48E-05	-4.71E-05	-0.000312893	0	0.000210847	0.000557153	0.000827197	0.000717717
0.77400117	0	-0.000123837	7.21E-05	-4.91E-05	-0.000311474	0	0.000215795	0.000556298	0.000826498	0.000716193
0.77583096	0	-0.000124708	6.95E-05	-5.13E-05	-0.000310208	0	0.00022086	0.000555438	0.000826102	0.000714982
0.77766075	0	-0.000125577	6.66E-05	-5.40E-05	-0.000309255	0	0.000226029	0.000554584	0.000826011	0.000714081
0.77949054	0	-0.000126445	6.38E-05	-5.68E-05	-0.000308457	0	0.000231257	0.000553711	0.00082621	0.000713455
0.78132033	0	-0.000127469	6.11E-05	-5.99E-05	-0.000307971	0	0.000236554	0.000552845	0.000826675	0.000713089
0.78315012	0	-0.000128651	5.79E-05	-6.37E-05	-0.000308114	0	0.000241883	0.000551973	0.0008274	0.000712947
0.78497991	0	-0.000129833	5.51E-05	-6.76E-05	-0.000308254	0	0.000247204	0.000551064	0.00082835	0.000712998
0.7868097	0	-0.000131173	5.19E-05	-7.20E-05	-0.000309024	0	0.000252509	0.000550166	0.000829512	0.000713204
0.78863949	0	-0.000132672	4.89E-05	-7.67E-05	-0.000309951	0	0.00025777	0.000549247	0.000830857	0.00071354
0.79046928	0	-0.000134329	4.56E-05	-8.17E-05	-0.00031135	0	0.000262944	0.000548292	0.000832334	0.000713942
0.79229907	0	-0.000136145	4.21E-05	-8.74E-05	-0.000313221	0	0.000268012	0.000547329	0.00083395	0.000714436
0.79412886	0	-0.000137963	3.89E-05	-9.32E-05	-0.00031525	0	0.000272944	0.000546329	0.00083566	0.000714929
0.79595865	0	-0.000139941	3.55E-05	-9.93E-05	-0.000317595	0	0.000277729	0.000545294	0.000837426	0.000715402
0.79778844	0	-0.000142238	3.20E-05	-0.000105723	-0.000320415	0	0.000282315	0.000544207	0.000839221	0.000715827
0.79961823	0	-0.000144536	2.85E-05	-0.00011263	-0.000323709	0	0.000286695	0.00054309	0.000841019	0.00071619
0.80144802	0	-0.000147154	2.47E-05	-0.000120011	-0.00032732	0	0.000290843	0.000541936	0.0008428	0.000716429
0.80327781	0	-0.000149934	2.11E-05	-0.000127235	-0.000331248	0	0.000294724	0.000540727	0.000844505	0.000716534
0.8051076	0	-0.000152717	1.76E-05	-0.000134932	-0.000335178	0	0.000298331	0.000539466	0.00084613	0.000716469
0.80693739	0	-0.000155662	1.39E-05	-0.000142473	-0.000339426	0	0.000301619	0.000538149	0.000847641	0.000716209
0.80876718	0	-0.000158927	1.01E-05	-0.000150488	-0.000344309	0	0.000304608	0.000536777	0.000849025	0.000715743
0.81059697	0	-0.000162197	6.35E-06	-0.000158506	-0.000349037	0	0.000307232	0.000535349	0.00085024	0.000715039
0.81242676	0	-0.000165946	2.55E-06	-0.00016684	-0.000354083	0	0.000309545	0.000533886	0.00085129	0.000714102
0.81425655	0	-0.000169542	-1.25E-06	-0.000175019	-0.000359291	0	0.000311478	0.000532349	0.000852129	0.0007129
0.81608634	0	-0.000173616	-5.05E-06	-0.000183358	-0.00036466	0	0.000313048	0.000530776	0.000852765	0.000711433
0.81791613	0	-0.000177696	-9.01E-06	-0.000191542	-0.000370033	0	0.000314251	0.000529148	0.000853185	0.000709693
0.81974592	0	-0.000181624	-1.25E-05	-0.00019957	-0.00037541	0	0.000315064	0.00052746	0.000853352	0.000707661
0.82157571	0	-0.00018603	-1.63E-05	-0.000207759	-0.00038079	0	0.000315519	0.000525749	0.000853305	0.000705364
0.8234055	0	-0.000190442	-1.99E-05	-0.000215477	-0.000386332	0	0.000315601	0.000523987	0.000852987	0.00070279
0.82523529	0	-0.000195017	-2.36E-05	-0.000223356	-0.000391562	0	0.000315319	0.000522198	0.000852443	0.000699938
0.82706508	0	-0.000199756	-2.71E-05	-0.000230764	-0.000396954	0	0.000314677	0.000520373	0.000851638	0.000696827
0.82889487	0	-0.000204658	-3.09E-05	-0.000238333	-0.000402349	0	0.000313706	0.000518543	0.00085061	0.000693467
0.83072466	0	-0.000209406	-3.44E-05	-0.000245274	-0.000407433	0	0.000312421	0.000516707	0.000849341	0.000689869
0.83255445	0	-0.000214317	-3.78E-05	-0.00025206	-0.000412362	0	0.000310809	0.000514846	0.000847834	0.000686038
0.83438424	0	-0.000219233	-4.12E-05	-0.000258691	-0.000417136	0	0.000308932	0.000513003	0.00084611	0.00068199
0.83621403	0	-0.00022431	-4.45E-05	-0.000264851	-0.000421755	0	0.000306796	0.000511173	0.000844176	0.000677753
0.83804382	0	-0.000229075	-4.77E-05	-0.000270698	-0.000425904	0	0.000304424	0.000509349	0.000842045	0.000673317
0.83987361	0	-0.00023416	-5.08E-05	-0.00027639	-0.000430214	0	0.000301867	0.000507566	0.000839727	0.000668736
0.8417034	0	-0.000239089	-5.38E-05	-0.000281611	-0.000434052	0	0.00029913	0.000505809	0.000837234	0.000663997
0.84353319	0	-0.000243863	-5.69E-05	-0.000286677	-0.000437578	0	0.00029626	0.0005041	0.00083457	0.000659101
0.84536298	0	-0.000248796	-5.99E-05	-0.000291272	-0.000440947	0	0.000293297	0.000502457	0.000831758	0.000654107
0.84719277	0.00E+00	-0.000253573	-6.29E-05	-0.000295711	-0.000444161	-4.60E-18	0.000290248	0.000500842	0.000828806	0.00064899
0.84902256	0	-0.000258193	-6.56E-05	-0.000299678	-0.000447061	0	0.000287177	0.000499296	0.000825718	0.000643781
0.85085235	0	-0.000262813	-6.84E-05	-0.000303648	-0.000449646	0	0.000284113	0.000497837	0.000822513	0.000638482
0.85268214	0	-0.000267116	-7.10E-05	-0.000307146	-0.00045176	0	0.000281082	0.000496432	0.000819199	0.000633104
0.85451193	0.00E+00	-0.000271419	-7.36E-05	-0.000310488	-0.000454033	4.60E-18	0.000278118	0.000495094	0.000815779	0.000627649
0.85634172	0.00E+00	-0.000275562	-7.59E-05	-0.000313358	-0.000455676	-4.60E-18	0.000275276	0.000493836	0.000812258	0.000622122
0.85817151	0	-0.000279545	-7.84E-05	-0.000316071	-0.00045732	0	0.000272571	0.000492658	0.000808646	0.000616539
0.8600013	0	-0.000283368	-8.06E-05	-0.000318787	-0.000458492	0	0.000270025	0.000491538	0.000804947	0.000610864
0.86183109	0	-0.000287029	-8.30E-05	-0.000321187	-0.000459666	0	0.000267676	0.000490497	0.000801162	0.000605128
0.86366088	0	-0.00029053	-8.52E-05	-0.00032359	-0.000460367	0	0.000265549	0.000489529	0.00079728	0.000599315
0.86549067	0	-0.000293868	-8.74E-05	-0.000325678	-0.000461069	0	0.000263665	0.000488621	0.000793312	0.000593415
0.86732046	0.00E+00	-0.000297044	-8.93E-05	-0.000327769	-0.000461299	-4.60E-18	0.000262032	0.000487747	0.000789243	0.000587438
0.86915025	0	-0.0002999	-9.12E-05	-0.000329544	-0.000461373	0	0.000260656	0.000486923	0.000785081	0.000581333
0.87098004	0.00E+00	-0.000302751	-9.32E-05	-0.000331321	-0.000461291	-4.60E-18	0.000259586	0.000486153	0.000780834	0.000575153
0.87280983	0	-0.000305282	-9.50E-05	-0.0003331	-0.00046121	0	0.000258788	0.000485392	0.000776477	0.000568857
0.87463962	0.00E+00	-0.000307965	-9.67E-05	-0.00033488	-0.000460816	-4.60E-18	0.000258291	0.000484659	0.000772019	0.000562428
0.87646941	0	-0.000310328	-9.86E-05	-0.000336504	-0.000460266	0	0.000258083	0.000483932	0.000767457	0.00055587
0.8782992	0.00E+00	-0.00031237	-0.000100163	-0.000337971	-0.00045956	-4.60E-18	0.000258134	0.000483198	0.000762784	0.000549164
0.88012899	0.00E+00	-0.000314564	-0.00010158	-0.00033944	-0.00045854	4.60E-18	0.000258486	0.000482437	0.000758012	0.000542317
0.88195878	0.00E+00	-0.000316597	-0.000103155	-0.00034091	-0.000457523	4.60E-18	0.000259063	0.000481656	0.000753116	0.000535302
0.88378857	0	-0.000318468	-0.000104573	-0.000342381	-0.000456192	0	0.000259897	0.000480833	0.000748132	0.000528159
0.88561836	0	-0.000320334	-0.000105832	-0.000343854	-0.000455022	0	0.000260956	0.000479956	0.000743049	0.000520846
0.88744815	0.00E+00	-0.000322354	-0.000107251	-0.000345328	-0.00045338	4.60E-18	0.0002622	0.000479007	0.000737866	0.00051336
0.88927794	0	-0.000323898	-0.000108354	-0.000346487	-0.000451741	0	0.00026359	0.000477992	0.000732601	0.000505726
0.89110773	0	-0.000325755	-0.000109459	-0.000347647	-0.000450105	0	0.000265143	0.000476885	0.000727262	0.000497947
0.89293752	0	-0.000327452	-0.000110723	-0.000348965	-0.000448155	0	0.000266783	0.000475677	0.000721867	0.000490023
0.89476731	0	-0.000329463	-0.00011183	-0.000350126	-0.000446207	0	0.00026849	0.000474358	0.000716418	0.000481956
0.8965971	0	-0.000331158	-0.00011278	-0.000351129	-0.000443946	0	0.000270229	0.000472928	0.000710948	0.00047378
0.89842689	0	-0.000333168	-0.00011389	-0.000352131	-0.000441844	0	0.000271952	0.000471383	0.000705483	0.000465499
0.90025668	0	-0.000335178	-0.000115002	-0.000353133	-0.000439744	0	0.000273643	0.000469707	0.000700023	0.000457123
0.90208647	0	-0.000337189	-0.000115799	-0.000353818	-0.000437172	0	0.000275257	0.000467898	0.000694627	0.00044869
0.90391626	0	-0.00033936	-0.000116914	-0.00035466	-0.000434759	0	0.000276752	0.000465971	0.000689295	0.000440215
0.90574605	0	-0.000341691	-0.000117873	-0.000355184	-0.000432348	0	0.000278098	0.000463889	0.000684053	0.000431697
0.90757584	0	-0.000344024	-0.000118677	-0.000355548	-0.000429779	0	0.000279259	0.00046168	0.00067894	0.000423194
0.90940563	0.00E+00	-0.00034652	-0.00011964	-0.000355909	-0.000427368	4.60E-18	0.000280192	0.00045933	0.000673981	0.000414717
0.91123542	0	-0.000349335	-0.000120763	-0.000356267	-0.000424957	0	0.000280901	0.000456855	0.00066922	0.000406282
0.91306521	0	-0.000351996	-0.000121889	-0.000356306	-0.000422546	0	0.000281335	0.000454255	0.000664677	0.00039794
0.914895	0.00E+00	-0.000355137	-0.000122858	-0.000356341	-0.000420134	-4.60E-18	0.000281466	0.00045151	0.00066037	0.000389679
0.91672479	0	-0.000358125	-0.000124146	-0.000356214	-0.000417721	0	0.00028128	0.000448657	0.00065634	0.00038155
0.91855458	0.00E+00	-0.000361592	-0.000125435	-0.000356082	-0.00041578	-4.60E-18	0.000280788	0.000445697	0.000652613	0.000373578
0.92038437	0	-0.000365066	-0.000126885	-0.000355945	-0.000413523	0	0.000279945	0.000442609	0.000649207	0.000365756
0.92221416	0	-0.000368546	-0.000128336	-0.000355486	-0.000411736	0	0.000278756	0.000439436	0.000646152	0.000358135
0.92404395	0	-0.000372348	-0.000129948	-0.000355338	-0.000410106	0	0.000277228	0.000436168	0.000643474	0.000350727
0.92587374	0	-0.000375999	-0.000131561	-0.000354709	-0.000408315	0	0.000275337	0.000432821	0.000641166	0.000343525
0.92770353	0.00E+00	-0.000379973	-0.000133334	-0.000354075	-0.000407153	-4.60E-18	0.000273113	0.000429377	0.000639247	0.000336553
0.92953332	0.00E+00	-0.000384268	-0.000135583	-0.000353908	-0.000406305	-4.60E-18	0.000270586	0.000425897	0.000637766	0.000329844
0.93136311	0	-0.000388412	-0.000137517	-0.000353261	-0.000405295	0	0.000267729	0.000422341	0.00063667	0.000323349
0.9331929	0	-0.000392721	-0.000139927	-0.000352765	-0.000404757	0	0.000264588	0.000418745	0.000635988	0.000317108
0.93502269	0.00E+00	-0.000397035	-0.00014218	-0.000352263	-0.000404374	4.60E-18	0.000261175	0.000415091	0.000635723	0.000311116
0.93685248	0.00E+00	-0.000401512	-0.000144909	-0.00035207	-0.000404461	4.60E-18	0.000257524	0.00041142	0.000635862	0.000305374
0.93868227	0	-0.000405678	-0.000147323	-0.000351555	-0.000404546	0	0.000253668	0.000407713	0.000636395	0.000299865
0.94051206	0	-0.000410322	-0.00015037	-0.000351351	-0.000405102	0	0.000249639	0.000404003	0.000637308	0.000294586
0.94234185	0	-0.000414654	-0.000152944	-0.000350983	-0.000405972	0	0.000245464	0.000400277	0.000638579	0.00028953
0.94417164	0	-0.000418989	-0.000156151	-0.000350926	-0.000406997	0	0.00024119	0.000396568	0.000640189	0.000284681
0.94600143	0.00E+00	-0.000423327	-0.000159043	-0.000350706	-0.000408177	4.60E-18	0.000236865	0.000392857	0.000642112	0.000280028
0.94783122	0.00E+00	-0.000427666	-0.000162252	-0.000350639	-0.000409673	4.60E-18	0.000232508	0.000389157	0.000644316	0.000275536
0.94966101	0	-0.000432006	-0.000165146	-0.000350885	-0.000411482	0	0.000228176	0.000385481	0.000646801	0.000271234
0.9514908	0.00E+00	-0.000436189	-0.000168356	-0.00035097	-0.00041329	-4.60E-18	0.00022389	0.000381856	0.000649496	0.000267056
0.95332059	0	-0.000440213	-0.000171408	-0.00035121	-0.000415254	0	0.000219702	0.000378265	0.0006524	0.000263023
0.95515038	0.00E+00	-0.000444077	-0.00017446	-0.000351448	-0.000417217	-4.60E-18	0.00021566	0.000374741	0.000655473	0.000259124
0.95698017	0	-0.00044794	-0.000177512	-0.000351842	-0.000419496	0	0.000211763	0.000371261	0.000658653	0.000255308
0.95880996	0	-0.000451485	-0.000180249	-0.000352236	-0.000421774	0	0.000208062	0.00036785	0.000661932	0.000251594
0.96063975	0.00E+00	-0.000454868	-0.000182984	-0.000352787	-0.000423893	4.60E-18	0.000204592	0.000364552	0.000665307	0.000247987
0.96246954	0.00E+00	-0.000458562	-0.000185718	-0.000353496	-0.000426169	-4.60E-18	0.000201396	0.000361341	0.000668712	0.000244447
0.96429933	0	-0.000461622	-0.00018782	-0.00035389	-0.000427971	0	0.000198421	0.000358216	0.000672099	0.000240956
0.96612912	0	-0.000464834	-0.000190236	-0.000354601	-0.000430246	0	0.000195766	0.000355231	0.000675477	0.000237568
0.96795891	0	-0.000467568	-0.000192018	-0.000355156	-0.000432047	0	0.000193388	0.000352372	0.000678816	0.000234224
0.9697887	0	-0.000470296	-0.000193641	-0.000356029	-0.000433689	0	0.000191316	0.000349655	0.000682067	0.000230956
0.97161849	0	-0.000472861	-0.000194787	-0.000356272	-0.000434856	0	0.000189549	0.000347092	0.00068523	0.000227755
0.97344828	0.00E+00	-0.00047542	-0.000196088	-0.000357149	-0.000436339	-4.60E-18	0.000188082	0.000344697	0.000688279	0.000224618
0.97527807	0	-0.000477659	-0.000196596	-0.000357556	-0.000437029	0	0.000186915	0.000342497	0.000691209	0.00022157
0.97710786	0	-0.000479734	-0.000196944	-0.000357965	-0.000437561	0	0.000186021	0.000340471	0.000693992	0.000218597
0.97893765	0	-0.000481804	-0.000196971	-0.000358536	-0.000438091	0	0.000185391	0.000338676	0.000696629	0.000215717
0.98076744	0	-0.000483554	-0.000196521	-0.000358952	-0.000437829	0	0.000184986	0.000337081	0.00069909	0.000212925
0.98259723	0.00E+00	-0.000485457	-0.000196224	-0.000359371	-0.000437565	-4.60E-18	0.000184811	0.000335716	0.000701379	0.000210239
0.98442702	0	-0.000487041	-0.000195133	-0.000359794	-0.000436982	0	0.000184826	0.000334592	0.00070351	0.000207682
0.98625681	0.00E+00	-0.000488464	-0.00019388	-0.00036022	-0.00043624	4.60E-18	0.000184997	0.000333707	0.000705458	0.000205227
0.9880866	0	-0.000489726	-0.000192148	-0.000360334	-0.000434705	0	0.000185282	0.00033307	0.000707203	0.000202888
0.98991639	0	-0.000491143	-0.000190411	-0.000360609	-0.000433167	0	0.000185674	0.000332693	0.000708783	0.000200694
0.99174618	0	-0.000492244	-0.000188194	-0.000360887	-0.00043131	0	0.000186119	0.000332577	0.000710178	0.000198625
0.99357597	0	-0.000493502	-0.000185815	-0.000361169	-0.000429292	0	0.000186586	0.000332724	0.000711396	0.000196703
0.99540576	0	-0.000494444	-0.000183114	-0.000361454	-0.000426798	0	0.000187013	0.000333119	0.000712429	0.000194887
0.99723555	0.00E+00	-0.000495544	-0.000180567	-0.0003619	-0.000424301	-4.60E-18	0.000187423	0.000333785	0.000713291	0.000193227
0.99906534	0	-0.00049633	-0.000177698	-0.000362349	-0.000421327	0	0.000187703	0.00033468	0.000713963	0.000191661
1.00089513	0	-0.000497119	-0.000174667	-0.000362802	-0.000418351	0	0.000187867	0.000335831	0.000714461	0.00019022
1.00272492	0	-0.000497909	-0.000171789	-0.000363416	-0.000415372	0	0.000187908	0.000337232	0.000714795	0.000188928
1.00455471	0	-0.000498703	-0.000168748	-0.000364032	-0.000412075	0	0.000187746	0.000338854	0.00071495	0.000187709
1.0063845	0.00E+00	-0.000499501	-0.00016602	-0.000365126	-0.000408934	4.60E-18	0.000187377	0.000340675	0.000714939	0.000186591
1.00821429	0	-0.000500145	-0.000163129	-0.000366223	-0.000405634	0	0.000186782	0.0003427	0.000714765	0.000185568
1.01004408	0	-0.000500794	-0.000160551	-0.000367323	-0.000402332	0	0.000185934	0.000344906	0.000714394	0.000184595
1.01187387	0	-0.000501448	-0.000158128	-0.000368901	-0.000399187	0	0.000184829	0.000347283	0.000713886	0.000183709
1.01370366	0.00E+00	-0.00050195	-0.000155702	-0.000370481	-0.000395725	4.60E-18	0.000183442	0.000349792	0.000713201	0.000182844
1.01553345	0	-0.000502615	-0.000153905	-0.000372223	-0.000392578	0	0.000181781	0.000352428	0.000712348	0.000182017
1.01736324	0.00E+00	-0.000503127	-0.000152423	-0.000374442	-0.00038959	4.60E-18	0.000179837	0.00035516	0.000711322	0.000181208
1.01919303	0	-0.000503646	-0.00015094	-0.000376665	-0.000386444	0	0.000177601	0.00035796	0.000710124	0.000180386
1.02102282	0.00E+00	-0.00050417	-0.000150088	-0.000379208	-0.000383456	-4.60E-18	0.000175106	0.000360811	0.000708762	0.00017956
1.02285261	0	-0.000504857	-0.000149867	-0.00038207	-0.000380942	0	0.00017234	0.000363683	0.000707239	0.000178733
1.0246824	0.00E+00	-0.000505234	-0.000149806	-0.000384936	-0.000377956	4.60E-18	0.000169318	0.000366547	0.000705521	0.00017784
1.02651219	0	-0.000505774	-0.000150377	-0.00038828	-0.000375761	0	0.000166076	0.000369373	0.000703645	0.000176927
1.02834198	0	-0.000506002	-0.000151108	-0.000391628	-0.000372935	0	0.000162619	0.000372139	0.000701602	0.000175943
1.03017177	0	-0.000506393	-0.000152631	-0.000395454	-0.000370902	0	0.000158978	0.000374799	0.000699366	0.0001749
1.03200156	0	-0.000506787	-0.000154473	-0.000399284	-0.000368711	0	0.000155189	0.000377355	0.00069699	0.000173805
1.03383135	0	-0.000507184	-0.000157108	-0.000403434	-0.00036668	0	0.000151288	0.000379769	0.000694428	0.000172646
1.03566114	0	-0.000507426	-0.000159906	-0.000407589	-0.00036481	0	0.000147281	0.000381988	0.000691701	0.000171416
1.03749093	0.00E+00	-0.000507827	-0.000163498	-0.000412063	-0.000363098	-4.60E-18	0.000143251	0.000384028	0.000688818	0.000170129
1.03932072	0.00E+00	-0.000507755	-0.000167095	-0.000416542	-0.000361073	4.60E-18	0.00013919	0.000385846	0.000685772	0.00016876
1.04115051	0	-0.000508	-0.000171646	-0.000421183	-0.000359681	0	0.000135152	0.000387412	0.000682561	0.000167343
1.0429803	0	-0.000508085	-0.000176361	-0.000426144	-0.000358291	0	0.000131185	0.000388709	0.000679222	0.000165884
1.04481009	0	-0.000508169	-0.000181556	-0.000431109	-0.000356743	0	0.000127324	0.000389726	0.000675722	0.000164368
1.04663988	0	-0.000508094	-0.000186916	-0.00043592	-0.000355355	0	0.000123587	0.000390451	0.000672078	0.00016282
1.04846967	0.00E+00	-0.000508014	-0.000192757	-0.000440893	-0.000353968	4.60E-18	0.000120037	0.000390857	0.000668311	0.000161246
1.05029946	0.00E+00	-0.000507774	-0.000198921	-0.000445869	-0.000352581	4.60E-18	0.000116687	0.000390938	0.000664404	0.000159653
1.05212925	0	-0.000507529	-0.00020525	-0.000450848	-0.000351195	0	0.000113575	0.000390696	0.000660397	0.000158067
1.05395904	0	-0.000507279	-0.000211745	-0.000455831	-0.000349808	0	0.00011074	0.000390107	0.000656265	0.000156482
1.05578883	0.00E+00	-0.000506865	-0.000218406	-0.000460659	-0.000348422	-4.60E-18	0.00010819	0.000389179	0.00065203	0.0001549
1.05761862	0.00E+00	-0.000506603	-0.000225231	-0.000465647	-0.000347193	-4.60E-18	0.000105988	0.000387927	0.000647716	0.000153375
1.05944841	0.00E+00	-0.000506019	-0.000231907	-0.000470164	-0.000345647	4.60E-18	0.000104078	0.00038631	0.000643291	0.000151855
1.0612782	0.00E+00	-0.000505427	-0.000238747	-0.000474841	-0.000344259	-4.60E-18	0.000102546	0.000384378	0.000638802	0.000150408
1.06310799	0	-0.000504986	-0.000245436	-0.000479361	-0.000342869	0	0.000101375	0.000382128	0.00063424	0.000149009
1.06493778	0	-0.00050438	-0.000252289	-0.000483884	-0.000341478	0	0.000100583	0.000379577	0.000629628	0.000147677
1.06676757	0.00E+00	-0.000503766	-0.000258833	-0.000488249	-0.000339769	-4.60E-18	0.000100131	0.000376711	0.000624953	0.000146392
1.06859736	0.00E+00	-0.000502987	-0.000265224	-0.0004923	-0.000338375	4.60E-18	0.000100047	0.000373573	0.000620231	0.000145195
1.07042715	0	-0.000502358	-0.000271304	-0.000496193	-0.000336821	0	0.000100323	0.000370155	0.000615461	0.000144048
1.07225694	0	-0.000501564	-0.000277231	-0.000499929	-0.000335107	0	0.000100945	0.000366517	0.000610685	0.000142995
1.07408673	0	-0.000500921	-0.000283004	-0.000503665	-0.00033355	0	0.00010191	0.00036265	0.000605863	0.000142001
1.07591652	0.00E+00	-0.000500113	-0.000288149	-0.000506927	-0.000331832	4.60E-18	0.000103163	0.000358561	0.000601023	0.000141073
1.07774631	0	-0.000499299	-0.000293297	-0.000510189	-0.000330114	0	0.000104713	0.0003543	0.000596175	0.000140191
1.0795761	0	-0.000498637	-0.000298132	-0.000513292	-0.000328552	0	0.000106525	0.000349885	0.000591329	0.000139377
1.08140589	0	-0.00049797	-0.000302652	-0.000516236	-0.000327147	0	0.000108552	0.000345341	0.000586478	0.0001386
1.08323568	0.00E+00	-0.000497456	-0.0003067	-0.000519022	-0.000325582	4.60E-18	0.0001108	0.000340667	0.000581633	0.000137867
1.08506547	0.00E+00	-0.000496781	-0.000310275	-0.00052149	-0.000324017	-4.60E-18	0.000113193	0.000335907	0.000576792	0.000137131
1.08689526	0	-0.000495944	-0.000313535	-0.000523799	-0.000322451	0	0.000115714	0.000331078	0.000571969	0.00013641
1.08872505	0.00E+00	-0.000495579	-0.000316637	-0.000525949	-0.000321043	4.60E-18	0.000118338	0.000326211	0.000567157	0.000135684
1.09055484	0	-0.000494895	-0.000319264	-0.000527781	-0.000319635	0	0.000120998	0.000321297	0.000562375	0.000134927
1.09238463	0.00E+00	-0.000494369	-0.000321417	-0.00052977	-0.000318544	-4.60E-18	0.000123681	0.000316381	0.000557606	0.000134138
1.09421442	0.00E+00	-0.000494001	-0.000323411	-0.000531441	-0.000317295	-4.60E-18	0.000126342	0.00031146	0.000552873	0.000133282
1.09604421	0	-0.000493633	-0.000324929	-0.000532953	-0.000316363	0	0.000128938	0.000306575	0.000548173	0.000132361
1.097874	0.00E+00	-0.000493425	-0.000326445	-0.000534463	-0.000315433	-4.60E-18	0.000131428	0.000301741	0.000543485	0.000131348
1.09970379	0	-0.00049306	-0.000327169	-0.000535496	-0.000314505	0	0.000133794	0.000296952	0.000538837	0.000130215
1.10153358	0	-0.000492856	-0.00032805	-0.000536687	-0.000313737	0	0.000135975	0.000292218	0.000534202	0.000128946
1.10336337	0	-0.000492814	-0.000328769	-0.000537876	-0.000313288	0	0.00013799	0.0002876	0.000529634	0.000127563
1.10519316	0.00E+00	-0.000492617	-0.000328855	-0.000538747	-0.000312842	-4.60E-18	0.00013974	0.000283036	0.00052506	0.000125992
1.10702295	0.00E+00	-0.000492583	-0.000328938	-0.000539459	-0.000312557	-4.60E-18	0.000141244	0.000278568	0.000520518	0.000124244
1.10885274	0	-0.000492713	-0.000329018	-0.000540327	-0.000312435	0	0.000142465	0.000274217	0.000516006	0.000122309
1.11068253	0	-0.000492848	-0.000328937	-0.000541036	-0.000312632	0	0.000143365	0.000269967	0.000511506	0.000120154
1.11251232	0	-0.000493148	-0.000328696	-0.000541745	-0.000312834	0	0.00014395	0.000265825	0.000507001	0.000117779
1.11434211	0.00E+00	-0.000493454	-0.000328295	-0.000542453	-0.000313357	4.60E-18	0.000144174	0.000261796	0.000502517	0.000115168
1.1161719	0	-0.000493609	-0.000327891	-0.000543002	-0.000313727	0	0.000144035	0.000257879	0.000498022	0.00011229
1.11800169	0	-0.000494088	-0.000327484	-0.000543393	-0.000314577	0	0.000143525	0.000254073	0.000493506	0.000109148
1.11983148	0	-0.000494574	-0.000327075	-0.000543942	-0.000315274	0	0.000142633	0.000250374	0.000488963	0.000105716
1.12166127	0	-0.000495226	-0.000326506	-0.000544492	-0.000316294	0	0.000141349	0.000246768	0.000484376	0.000102004
1.12349106	0.00E+00	-0.000495886	-0.000326252	-5.45E-04	-0.000317636	-4.60E-18	0.000139653	0.000243263	0.000479738	9.80E-05
1.12532085	0	-0.000496397	-0.000325837	-5.46E-04	-0.000318827	0	0.000137551	0.000239839	0.000475034	9.37E-05
1.12715064	0.00E+00	-0.000497389	-0.000325737	-5.46E-04	-0.00032034	-4.60E-18	0.000135069	0.000236506	0.000470235	8.91E-05
1.12898043	0.00E+00	-0.000498233	-0.000325637	-5.47E-04	-0.00032186	4.60E-18	0.000132172	0.000233242	0.000465337	8.41E-05
1.13081022	0	-0.000499084	-0.000325219	-5.47E-04	-0.000323388	0	0.000128865	0.00023001	0.000460313	7.88E-05
1.13264001	0	-0.000499945	-0.000325274	-5.48E-04	-0.00032508	0	0.000125165	0.000226859	0.000455157	7.32E-05
1.1344698	0	-0.000501129	-0.000325487	-5.49E-04	-0.000326779	0	0.000121092	0.000223721	0.000449849	6.73E-05
1.13629959	0.00E+00	-0.000502322	-0.000325859	-5.49E-04	-0.000328485	-4.60E-18	0.000116637	0.000220616	0.000444356	6.11E-05
1.13812938	0	-0.000503366	-0.000326073	-5.50E-04	-0.000330199	0	0.000111793	0.000217497	0.000438666	5.46E-05
1.13995917	0	-0.000504417	-0.000326603	-5.51E-04	-0.000331919	0	0.000106598	0.000214384	0.000432768	4.77E-05
1.14178896	0.00E+00	-0.000505792	-0.000327135	-5.51E-04	-0.000333488	4.60E-18	0.000101045	0.000211234	0.000426637	4.06E-05
1.14361875	0	-5.07E-04	-0.000327984	-5.52E-04	-0.000335063	0	9.52E-05	0.000208041	0.000420264	3.32E-05
1.14544854	0.00E+00	-5.09E-04	-0.000328835	-5.53E-04	-0.000336486	-4.60E-18	8.89E-05	0.0002048	0.000413634	2.55E-05
1.14727833	0.00E+00	-5.10E-04	-0.000329688	-5.53E-04	-0.000337757	4.60E-18	8.24E-05	0.000201482	0.000406725	1.76E-05
1.14910812	0	-5.11E-04	-0.000330859	-5.54E-04	-0.000339034	0	7.56E-05	0.000198084	0.000399536	9.45E-06
1.15093791	0	-5.13E-04	-0.000332033	-5.55E-04	-0.000340157	0	6.85E-05	0.00019459	0.000392064	1.10E-06
1.1527677	0	-5.14E-04	-0.000333369	-5.55E-04	-0.000340969	0	6.11E-05	0.00019098	0.000384268	-7.44E-06
1.15459749	0	-5.16E-04	-0.000334391	-5.56E-04	-0.000341311	0	5.34E-05	0.000187241	0.00037619	-1.61E-05
1.15642728	0	-5.17E-04	-0.000335891	-5.56E-04	-0.000341813	0	4.55E-05	0.000183393	0.000367818	-2.49E-05
1.15825707	0	-5.19E-04	-0.000337236	-5.56E-04	-0.000341686	0	3.74E-05	0.000179374	0.000359126	-3.38E-05
1.16008686	0	-5.20E-04	-0.000338585	-5.56E-04	-0.000341402	0	2.91E-05	0.000175231	0.000350167	-4.28E-05
1.16191665	0	-5.21E-04	-0.000339938	-5.56E-04	-0.000340645	0	2.06E-05	0.000170939	0.000340929	-5.17E-05
1.16374644	0	-5.23E-04	-0.000341453	-5.56E-04	-0.000339888	0	1.19E-05	0.000166488	0.000331419	-6.07E-05
1.16557623	0	-5.24E-04	-0.000342497	-5.55E-04	-0.00033834	0	3.08E-06	0.000161874	0.000321662	-6.96E-05
1.16740602	0	-5.25E-04	-0.000344019	-5.55E-04	-0.00033679	0	-5.88E-06	0.000157126	0.000311685	-7.84E-05
1.16923581	0	-5.26E-04	-0.000345229	-5.54E-04	-0.000334764	0	-1.49E-05	0.000152218	0.000301525	-8.70E-05
1.1710656	0	-5.27E-04	-0.000346284	-5.53E-04	-0.000332259	0	-2.41E-05	0.000147173	0.000291178	-9.55E-05
1.17289539	0	-5.27E-04	-0.000347184	-0.000551688	-0.000329276	0	-3.33E-05	0.000141996	0.0002807	-0.000103799
1.17472518	0	-5.28E-04	-0.000348088	-0.000550169	-0.000326288	0	-4.25E-05	0.000136689	0.000270129	-0.000111817
1.17655497	0	-5.29E-04	-0.000348835	-0.000548337	-0.000322661	0	-5.17E-05	0.000131291	0.000259477	-0.000119552
1.17838476	0	-5.29E-04	-0.000349427	-0.000546189	-0.000318711	0	-6.10E-05	0.00012578	0.000248798	-0.000126968
1.18021455	0	-5.29E-04	-0.000350022	-0.000543883	-0.000314754	0	-7.02E-05	0.000120199	0.000238134	-0.000134038
1.18204434	0	-5.29E-04	-0.000350301	-0.000541419	-0.000310156	0	-7.93E-05	0.000114567	0.000227535	-0.000140718
1.18387413	0	-5.29E-04	-0.000350423	-0.000538321	-0.00030539	0	-8.83E-05	0.000108891	0.000217026	-0.000146986
1.18570392	0	-5.28E-04	-0.000350388	-0.000535378	-0.0003003	0	-9.72E-05	0.000103187	0.000206648	-0.000152856
1.18753371	0	-0.000527793	-0.000350194	-0.000531957	-2.95E-04	0	-0.00010592	9.75E-05	0.000196466	-0.000158241
1.1893635	0	-0.000526876	-0.000350001	-0.000528216	-2.90E-04	0	-0.000114475	9.18E-05	0.00018649	-0.000163176
1.19119329	0	-0.000525955	-0.00034949	-0.000524469	-2.84E-04	0	-0.000122833	8.62E-05	0.000176784	-0.000167639
1.19302308	0	-0.000524871	-0.000348977	-0.000520557	-2.78E-04	0	-0.000130943	8.07E-05	0.000167386	-0.000171618
1.19485287	0	-0.000523465	-0.000347989	-0.000516164	-2.72E-04	0	-0.000138798	7.52E-05	0.000158314	-0.000175121
1.19668266	0	-0.000522053	-0.000347314	-0.000511922	-2.67E-04	0	-0.000146382	6.98E-05	0.000149615	-0.00017814
1.19851245	0	-0.000520318	-0.00034632	-0.000507354	-2.61E-04	0	-0.000153657	6.46E-05	0.000141328	-0.000180679
1.20034224	0	-0.000518418	-0.000345165	-0.00050262	-2.55E-04	0	-0.000160619	5.96E-05	0.000133448	-0.000182755
1.20217203	0	-0.000516352	-0.000343847	-0.000497875	-2.49E-04	0	-0.000167239	5.47E-05	0.000126047	-0.000184395
1.20400182	0	-0.000514278	-0.000342684	-0.000493279	-2.43E-04	0	-0.000173478	5.00E-05	0.000119118	-0.000185568
1.20583161	0	-0.00051188	-0.000341358	-0.000488197	-2.38E-04	0	-0.000179368	4.55E-05	0.000112663	-0.000186366
1.2076614	0	-0.000509632	-0.000340186	-0.000483421	-2.32E-04	0	-0.000184875	4.12E-05	0.000106724	-0.000186772
1.20949119	0	-0.000507059	-0.000338692	-0.000478476	-2.27E-04	0	-0.000189978	3.72E-05	0.0001013	-0.000186812
1.21132098	0	-0.000504477	-3.37E-04	-0.000473678	-2.22E-04	0	-0.000194691	3.33E-05	9.64E-05	-0.000186523
1.21315077	0	-0.000501887	-3.36E-04	-0.000469026	-2.17E-04	0	-0.000198999	2.98E-05	9.20E-05	-0.000185947
1.21498056	0	-0.000499446	-3.35E-04	-0.000464522	-2.13E-04	0	-0.000202912	2.65E-05	8.81E-05	-0.000185126
1.21681035	0	-0.00049668	-3.33E-04	-0.000460006	-2.08E-04	0	-0.000206438	2.34E-05	8.48E-05	-0.000184083
1.21864014	0	-0.000494222	-3.32E-04	-0.000455796	-2.04E-04	0	-0.000209551	2.06E-05	8.19E-05	-0.000182846
1.22046993	0	-0.000491598	-3.31E-04	-0.000451576	-2.01E-04	0	-0.000212301	1.80E-05	7.96E-05	-0.000181464
1.22229972	0	-0.000489124	-3.30E-04	-0.000447979	-1.97E-04	0	-0.000214682	1.57E-05	7.76E-05	-0.000179987
1.22412951	0	-0.0004868	-3.30E-04	-0.000444372	-1.94E-04	0	-0.00021669	1.37E-05	7.62E-05	-0.00017844
1.2259593	0	-0.000484469	-3.29E-04	-0.00044123	-1.92E-04	0	-0.000218375	1.18E-05	7.51E-05	-0.000176866
1.22778909	0	-0.000482448	-3.29E-04	-0.000438397	-1.90E-04	0	-0.000219748	1.02E-05	7.45E-05	-0.000175306
1.22961888	0	-0.000480262	-3.28E-04	-0.000435714	-1.88E-04	0	-0.000220822	8.76E-06	7.42E-05	-0.000173803
1.23144867	0	-0.000478228	-3.28E-04	-0.000433499	-1.86E-04	0	-0.000221636	7.52E-06	7.42E-05	-0.000172377
1.23327846	0	-0.000476664	-3.28E-04	-0.000431594	-1.85E-04	0	-0.000222192	6.47E-06	7.45E-05	-0.00017107
1.23510825	0	-0.000475254	-3.28E-04	-0.000430316	-1.85E-04	0	-0.000222532	5.56E-06	7.51E-05	-0.000169906
1.23693804	0	-0.000473997	-3.29E-04	-0.000429509	-1.84E-04	0	-0.000222676	4.80E-06	7.59E-05	-0.000168925
1.23876783	0	-0.000473054	-3.30E-04	-0.000429013	-1.84E-04	0	-0.00022267	4.16E-06	7.69E-05	-0.000168133
1.24059762	0	-0.00047195	-3.30E-04	-0.00042899	-1.85E-04	0	-0.000222549	3.61E-06	7.80E-05	-0.000167585
1.24242741	0	-0.000471318	-3.32E-04	-0.00042944	-1.85E-04	0	-0.000222318	3.13E-06	7.92E-05	-0.000167279
1.2442572	0	-0.000471002	-3.33E-04	-0.000430521	-1.87E-04	0	-0.000222026	2.72E-06	8.05E-05	-0.000167248
1.24608699	0	-0.000470842	-3.34E-04	-0.000431918	-1.88E-04	0	-0.000221681	2.33E-06	8.18E-05	-0.000167485
1.24791678	0	-0.000470683	-3.36E-04	-0.000433633	-1.90E-04	0	-0.000221336	1.97E-06	8.30E-05	-0.000168016
1.24974657	0	-0.000471156	-3.38E-04	-0.00043614	-1.92E-04	0	-0.000220982	1.61E-06	8.42E-05	-0.000168836
1.25157636	0	-0.000471789	-3.40E-04	-0.000439282	-1.94E-04	0	-0.000220694	1.21E-06	8.53E-05	-0.000169962
1.25340615	0	-0.000472582	-3.43E-04	-0.000442585	-1.97E-04	0	-0.000220462	7.82E-07	8.63E-05	-0.000171397
1.25523594	0	-0.000473377	-3.45E-04	-0.000446368	-2.00E-04	0	-0.000220334	2.81E-07	8.71E-05	-0.000173147
1.25706573	0	-0.000474648	-3.48E-04	-0.000450787	-2.03E-04	0	-0.000220294	-2.82E-07	8.76E-05	-0.000175191
1.25889552	0	-0.00047608	-3.50E-04	-0.000455529	-2.06E-04	0	-0.000220389	-9.39E-07	8.80E-05	-0.000177534
1.26072531	0	-0.000477832	-3.53E-04	-0.000461067	-2.10E-04	0	-0.000220616	-1.71E-06	8.81E-05	-0.000180177
1.2625551	0	-0.000479429	-3.56E-04	-0.000466612	-2.14E-04	0	-0.000221019	-2.59E-06	8.78E-05	-0.00018309
1.26438489	0	-0.000481346	-3.59E-04	-0.000472639	-2.18E-04	0	-0.000221574	-3.59E-06	8.73E-05	-0.000186288
1.26621468	0	-0.000483425	-3.62E-04	-0.000479305	-2.22E-04	0	-0.000222302	-4.72E-06	8.64E-05	-0.000189727
1.26804447	0	-0.000485507	-3.65E-04	-0.000486138	-2.27E-04	0	-0.000223199	-5.98E-06	8.52E-05	-0.000193405
1.26987426	0	-0.000487752	-3.68E-04	-0.000493138	-2.32E-04	0	-0.000224271	-7.39E-06	8.36E-05	-0.00019733
1.27170405	0	-0.000490158	-3.71E-04	-0.000500462	-2.37E-04	0	-0.000225507	-8.94E-06	8.16E-05	-0.000201466
1.27353384	0	-0.000492409	-3.74E-04	-0.00050827	-2.42E-04	0	-0.000226934	-1.06E-05	7.93E-05	-0.000205803
1.27536363	0	-0.000494981	-3.77E-04	-0.000516244	-2.47E-04	0	-0.000228517	-1.25E-05	7.65E-05	-0.000210318
1.27719342	0	-0.000497555	-3.80E-04	-0.000524386	-2.53E-04	0	-0.000230249	-1.44E-05	7.33E-05	-0.00021501
1.27902321	0	-0.000500133	-3.83E-04	-0.000532536	-2.58E-04	0	-0.000232143	-1.65E-05	6.97E-05	-0.000219872
1.280853	0	-0.000502397	-3.86E-04	-0.000540854	-2.64E-04	0	-0.000234178	-1.87E-05	6.57E-05	-0.000224864
1.28268279	0	-0.00050498	-3.89E-04	-0.000549338	-2.70E-04	0	-0.000236314	-2.11E-05	6.12E-05	-0.000229979
1.28451258	0	-0.000507407	-3.91E-04	-0.000557832	-2.76E-04	0	-0.000238582	-2.35E-05	5.64E-05	-0.000235223
1.28634237	0	-0.000509993	-3.94E-04	-0.000566492	-2.82E-04	0	-0.000240935	-2.60E-05	5.12E-05	-0.000240579
1.28817216	0	-0.000512424	-3.96E-04	-0.000575002	-2.89E-04	0	-0.000243366	-2.87E-05	4.56E-05	-0.00024603
1.29000195	0	-0.000514697	-3.98E-04	-0.000583361	-2.95E-04	0	-0.000245874	-3.14E-05	3.96E-05	-0.000251586
1.29183174	0	-0.000517129	-4.00E-04	-0.000591887	-3.01E-04	0	-0.000248437	-3.42E-05	3.32E-05	-0.000257225
1.29366153	0	-0.000519246	-4.02E-04	-0.000600104	-3.08E-04	0	-0.000251027	-3.70E-05	2.65E-05	-0.000262947
1.29549132	0	-0.000521363	-4.04E-04	-0.000608011	-3.15E-04	0	-0.000253651	-3.99E-05	1.95E-05	-0.000268753
1.29732111	0	-0.000523321	-4.05E-04	-0.000615924	-3.21E-04	0	-0.000256288	-4.28E-05	1.22E-05	-0.000274647
1.2991509	0	-0.000525438	-4.07E-04	-0.000623686	-3.28E-04	0	-0.000258911	-4.57E-05	4.53E-06	-0.000280613
1.30098069	0	-0.00052708	-4.08E-04	-0.000630979	-3.35E-04	0	-0.000261529	-4.87E-05	-3.38E-06	-0.000286659
1.30281048	0	-0.000529037	-4.09E-04	-0.000638278	-3.42E-04	0	-0.000264129	-5.16E-05	-1.16E-05	-0.00029281
1.30464027	0	-0.000530678	-4.10E-04	-0.000645423	-3.49E-04	0	-0.000266702	-5.46E-05	-2.00E-05	-0.00029903
1.30647006	0	-0.000532317	-4.11E-04	-0.00065194	-3.55E-04	0	-0.000269214	-5.75E-05	-2.86E-05	-0.000305332
1.30829985	0	-0.000533956	-4.12E-04	-0.000658303	-3.62E-04	0	-0.000271696	-6.04E-05	-3.74E-05	-0.000311747
1.31012964	0	-0.000535435	-4.13E-04	-0.000664196	-3.69E-04	0	-0.000274127	-6.33E-05	-4.63E-05	-0.00031826
1.31195943	0	-0.000536913	-4.13E-04	-0.000669933	-3.76E-04	0	-0.000276492	-6.62E-05	-5.55E-05	-0.00032488
1.31378922	0	-0.00053839	-4.14E-04	-0.000675356	-3.82E-04	0	-0.000278818	-6.90E-05	-6.47E-05	-0.000331622
1.31561901	0	-0.000539866	-4.15E-04	-0.000680465	-3.89E-04	0	-0.000281073	-7.18E-05	-7.40E-05	-0.000338454
1.3174488	0	-0.000541024	-4.15E-04	-0.000684944	-3.95E-04	0	-0.000283276	-7.45E-05	-8.34E-05	-0.000345429
1.31927859	0	-0.00054234	-4.16E-04	-0.000689265	-4.02E-04	0	-0.00028543	-7.72E-05	-9.29E-05	-0.000352535
1.32110838	0	-0.000543814	-0.000416946	-0.000693429	-4.08E-04	0	-0.000287525	-7.99E-05	-0.000102303	-0.00035976
1.32293817	0	-0.000545128	-0.000417794	-0.000697119	-4.14E-04	0	-0.000289564	-8.25E-05	-0.000111747	-0.00036712
1.32476796	0	-0.000546283	-0.000418642	-0.000700492	-4.20E-04	0	-0.000291551	-8.51E-05	-0.000121158	-0.000374614
1.32659775	0	-0.000547596	-0.000419489	-0.00070339	-4.25E-04	0	-0.000293495	-8.76E-05	-0.000130505	-0.000382249
1.32842754	0	-0.000548908	-0.000420652	-0.000706129	-4.30E-04	0	-0.000295394	-9.02E-05	-0.00013977	-0.00039002
1.33025733	0	-0.000550378	-0.000421973	-0.000708707	-4.36E-04	0	-0.000297249	-9.27E-05	-0.000148899	-0.000397899
1.33208712	0	-0.00055169	-0.000423452	-0.000710809	-4.40E-04	0	-0.000299072	-9.51E-05	-0.00015792	-0.000405934
1.33391691	0	-0.000553159	-0.00042509	-0.000712907	-4.45E-04	0	-0.000300842	-9.76E-05	-0.000166747	-0.000414073
1.3357467	0	-0.000554786	-0.000426886	-0.000714528	-0.000449145	0	-0.000302583	-0.00010005	-0.000175396	-0.00042233
1.33757649	0	-0.000556255	-0.000428841	-0.000715987	-0.000452988	0	-0.000304292	-0.000102522	-0.000183815	-0.000430693
1.33940628	0	-0.000557883	-0.000431114	-0.000717283	-0.000456518	0	-0.000305968	-0.000105	-0.000192	-0.000439151
1.34123607	0	-0.000559509	-0.000433703	-0.000718415	-0.000459892	0	-0.000307599	-0.000107486	-0.000199907	-0.000447677
1.34306586	0	-0.000561294	-0.000436452	-0.000719542	-0.000462794	0	-0.000309206	-0.000110017	-0.000207527	-0.000456288
1.34489565	0	-0.000563078	-0.000439519	-0.000720505	-0.000465382	0	-0.000310754	-0.000112574	-0.000214833	-0.000464925
1.34672544	0	-0.000565179	-0.000442745	-0.000721461	-0.000467498	0	-0.000312264	-0.000115183	-0.000221798	-0.000473603
1.34855523	0	-0.000566962	-0.00044629	-0.000722094	-0.00046914	0	-0.000313738	-0.000117857	-0.000228429	-0.000482316
1.35038502	0	-0.000569062	-0.000449995	-0.000722877	-0.000470467	0	-0.000315154	-0.000120592	-0.000234671	-0.000491007
1.35221481	0	-0.00057116	-0.000453861	-0.000723494	-0.000471319	0	-0.000316496	-0.000123402	-0.000240526	-0.00049967
1.3540446	0	-0.000573415	-0.000458045	-0.000724261	-0.000472013	0	-0.000317775	-0.000126303	-0.000245982	-0.000508277
1.35587439	0	-0.000575669	-0.00046239	-0.000725018	-0.000472074	0	-0.000318975	-0.000129279	-0.000251008	-0.00051681
1.35770418	0	-0.000577921	-0.000466897	-0.000725609	-0.000471817	0	-0.000320086	-0.000132365	-0.000255628	-0.000525252
1.35953397	0	-0.000580172	-0.000471564	-0.000726349	-0.000471083	0	-0.000321098	-0.000135546	-0.000259799	-0.000533582
1.36136376	0	-0.00058242	-0.000476235	-0.000727079	-0.00047003	0	-0.000322012	-0.00013885	-0.000263541	-0.000541757
1.36319355	0	-0.000584982	-0.000481225	-0.000728115	-0.000468658	0	-0.0003228	-0.000142251	-0.000266831	-0.000549777
1.36502334	0	-0.000587384	-0.00048606	-0.000728984	-0.000466648	0	-0.000323463	-0.000145773	-0.000269681	-0.000557595
1.36685313	0	-0.00058994	-0.000491214	-0.000730158	-0.000464634	0	-0.000323984	-0.000149402	-0.000272084	-0.000565191
1.36868292	0	-0.000592335	-0.000496213	-0.000731323	-0.000461983	0	-0.000324352	-0.000153128	-0.000274052	-0.000572571
1.37051271	0	-0.000594726	-0.000501215	-0.00073232	-0.000459167	0	-0.000324571	-0.000156988	-0.000275605	-0.000579688
1.3723425	0	-0.000597272	-0.00050622	-0.000733782	-0.000456029	0	-0.000324629	-0.000160942	-0.000276731	-0.000586547
1.37417229	0	-0.000599655	-0.00051107	-0.000735235	-0.00045241	0	-0.000324518	-0.000165003	-0.000277458	-0.000593117
1.37600208	0	-0.000601875	-0.000515764	-0.000736836	-0.000448625	0	-0.000324214	-0.000169147	-0.000277782	-0.000599379
1.37783187	0	-0.00060425	-0.000520301	-0.000738429	-0.000444674	0	-0.000323728	-0.000173369	-0.000277746	-0.000605331
1.37966166	0	-0.000606461	-0.000524525	-0.000740014	-0.0004404	0	-0.000323064	-0.000177683	-0.000277384	-0.000610969
1.38149145	0	-0.000608668	-0.00052875	-0.000741906	-0.000435959	0	-0.000322213	-0.000182037	-0.000276679	-0.000616266
1.38332124	0	-0.000611028	-0.00053266	-0.00074395	-0.000431351	0	-0.00032116	-0.000186448	-0.000275675	-0.000621246
1.38515103	0	-0.000613225	-0.000536253	-0.000745829	-0.000426734	0	-0.000319904	-0.000190852	-0.000274393	-0.000625842
1.38698082	0	-0.0006151	-0.000539373	-0.00074786	-0.000421793	0	-0.000318469	-0.000195303	-0.000272881	-0.00063014
1.38881061	0	-0.000617129	-0.000542334	-0.000749885	-0.000416844	0	-0.000316857	-0.000199732	-0.000271147	-0.000634097
1.3906404	0	-0.000618996	-0.00054482	-0.000751906	-0.000411728	0	-0.000315082	-0.000204139	-0.00026924	-0.000637733
1.39247019	0	-0.000620858	-0.00054683	-0.000754081	-0.000406762	0	-0.000313138	-0.000208513	-0.000267187	-0.000641039
1.39429998	0	-0.000622715	-0.000548838	-0.000756252	-0.000401945	0	-0.000311023	-0.000212794	-0.000265002	-0.00064403
1.39612977	0	-0.000624568	-0.000550212	-0.000758579	-0.000397122	0	-0.000308769	-0.000217006	-0.000262758	-0.000646731
1.39795956	0	-0.000626102	-0.000551266	-0.000760589	-0.000392291	0	-0.00030639	-0.000221102	-0.000260454	-0.000649155
1.39978935	0	-0.000627949	-0.000552159	-0.000762913	-0.000387769	0	-0.000303899	-0.000225074	-0.000258132	-0.000651314
1.40161914	0	-0.000629317	-0.000552257	-0.000764921	-0.000382924	0	-0.000301297	-0.000228902	-0.000255828	-0.000653225
1.40344893	0	-0.000631001	-0.000552351	-0.000767246	-0.000378865	0	-0.000298629	-0.000232568	-0.000253571	-0.000654929
1.40527872	0	-0.000632365	-0.000552123	-0.000769415	-0.000374801	0	-0.000295884	-0.000236044	-0.000251393	-0.00065641
1.40710851	0	-0.000633886	-0.000551258	-0.000771427	-0.00037089	0	-0.0002931	-0.000239332	-0.000249342	-0.000657735
1.4089383	0	-0.000635406	-0.000550388	-0.000773601	-0.000367449	0	-0.000290283	-0.000242404	-0.000247416	-0.00065889
1.41076809	0	-0.000636767	-0.000549353	-0.000775619	-0.000364322	0	-0.000287454	-0.000245247	-0.000245661	-0.000659924
1.41259788	0	-0.000638286	-0.000547839	-0.000777642	-0.00036135	0	-0.000284637	-0.000247854	-0.0002441	-0.00066086
1.41442767	0	-0.000639963	-0.000546476	-0.000779987	-0.000359009	0	-0.00028184	-0.000250211	-0.000242753	-0.000661721
1.41625746	0	-0.000641483	-0.000544948	-0.00078202	-0.000356983	0	-0.000279101	-0.000252314	-0.000241661	-0.000662534
1.41808725	0	-0.000643162	-0.000543098	-0.00078406	-0.000355431	0	-0.000276418	-0.000254174	-0.000240826	-0.000663316
1.41991704	0	-0.000645001	-0.0005414	-0.000786422	-0.000354354	0	-0.00027381	-0.000255757	-0.000240264	-0.000664106
1.42174683	0	-0.000646684	-0.000539695	-0.000788476	-0.000353595	0	-0.000271309	-0.000257084	-0.000240016	-0.000664928
1.42357662	0	-0.000648528	-0.000538142	-0.000790852	-0.000353469	0	-0.000268898	-0.000258139	-0.000240062	-0.000665793
1.42540641	0	-0.00065069	-0.000536582	-0.000793079	-0.000353979	0	-0.000266617	-0.000258957	-0.000240467	-0.000666741
1.4272362	0	-0.000652698	-0.000535176	-0.000795472	-0.000354649	0	-0.000264478	-0.000259539	-0.000241193	-0.000667789
1.42906599	0	-0.000655026	-0.000534238	-0.000798032	-0.000356114	0	-0.000262469	-0.000259857	-0.000242262	-0.000668936
1.43089578	0	-0.000657357	-0.000533295	-0.000800601	-0.000357899	0	-0.000260604	-0.000259963	-0.0002437	-0.000670238
1.43272557	0	-0.000660009	-0.000532979	-0.000803337	-0.000360321	0	-0.000258927	-0.000259865	-0.000245509	-0.000671701
1.43455536	0	-0.000662822	-0.00053266	-0.00080624	-0.000363065	0	-0.000257385	-0.000259568	-0.000247679	-0.00067333
1.43638515	0	-0.00066564	-0.000532968	-0.000809311	-0.000366446	0	-0.000256015	-0.000259098	-0.000250216	-0.00067515
1.43821494	0	-0.000668621	-0.000533591	-0.000812392	-0.000370308	0	-0.000254819	-0.000258482	-0.000253147	-0.000677156
1.44004473	0	-0.00067208	-0.000535	-0.000815957	-0.000374808	0	-0.000253778	-0.000257717	-0.000256441	-0.000679368
1.44187452	0	-0.000675228	-0.000536567	-0.000819215	-0.000379473	0	-0.000252917	-0.000256878	-0.000260127	-0.000681813
1.44370431	0	-0.000679012	-0.000538764	-0.000822958	-0.000384777	0	-0.000252204	-0.000255925	-0.000264177	-0.000684469
1.4455341	0	-0.000682643	-0.000541435	-0.000826711	-0.000390088	0	-0.000251676	-0.000254945	-0.000268601	-0.000687357
1.44736389	0	-0.000686437	-0.000544739	-0.00083079	-0.000396038	0	-0.000251297	-0.000253929	-0.000273402	-0.000690481
1.44919368	0	-0.000690551	-0.000548676	-0.000835037	-0.000402311	0	-0.000251077	-0.000252927	-0.000278558	-0.000693834
1.45102347	0	-0.000694669	-0.000553089	-0.000839294	-0.000408749	0	-0.000250985	-0.000251952	-0.000284075	-0.000697395
1.45285326	0	-0.00069895	-0.000557979	-0.000843719	-0.000415352	0	-0.000251067	-0.000251058	-0.000289958	-0.000701219
1.45468305	0	-0.000703392	-0.000563505	-0.000848311	-0.000422278	0	-0.000251233	-0.000250227	-0.000296166	-0.000705232
1.45651284	0	-0.000707839	-0.000569509	-0.000852914	-0.000429211	0	-0.000251561	-0.000249552	-0.000302735	-0.000709502
1.45834263	0	-0.00071213	-0.000575991	-0.000857684	-0.000436149	0.00E+00	-0.000251986	-0.000249008	-0.00030961	-0.000713944
1.46017242	0	-0.000716742	-0.000582796	-0.000862463	-0.000443094	0.00E+00	-0.000252522	-0.000248653	-0.000316826	-0.000718599
1.46200221	0	-0.000721356	-0.000590397	-0.00086741	-0.000450203	0.00E+00	-0.000253131	-0.000248495	-0.000324338	-0.000723413
1.463832	0	-0.000726132	-0.000598163	-0.000872207	-0.000457317	0.00E+00	-0.000253839	-0.00024858	-0.00033215	-0.000728419
1.46566179	0	-0.000730593	-0.000606252	-0.000876855	-0.000463804	0.00E+00	-0.000254614	-0.000248913	-0.000340257	-0.000733584
1.46749158	0	-0.000735374	-0.000614823	-0.000881827	-0.000470612	0.00E+00	-0.000255435	-0.000249515	-0.000348607	-0.00073888
1.46932137	0	-0.000739998	-0.000623561	-0.000886491	-0.000477107	0.00E+00	-0.000256309	-0.000250409	-0.000357227	-0.000744292
1.47115116	0	-0.000744466	-0.000632307	-0.000891005	-0.000482973	0.00E+00	-0.000257226	-0.000251609	-0.000366098	-0.000749815
1.47298095	0	-0.000748934	-0.000641378	-0.000895367	-0.000488684	0.00E+00	-0.000258148	-0.000253116	-0.000375151	-0.000755405
1.47481074	0	-0.000753404	-0.0006503	-0.000899419	-0.000494081	0.00E+00	-0.000259079	-0.000254958	-0.000384428	-0.000761078
1.47664053	0	-0.000757875	-0.000659547	-0.000903319	-0.000499006	0.00E+00	-0.000259995	-0.000257118	-0.000393868	-0.000766779
1.47847032	0	-0.000761872	-0.000668331	-0.000906751	-0.0005033	0.00E+00	-0.000260924	-0.000259665	-0.000403508	-0.000772555
1.48030011	0	-0.000765868	-0.000677281	-0.000910029	-0.000507278	0.00E+00	-0.000261807	-0.000262504	-0.000413241	-0.000778295
1.4821299	0	-0.000769864	-0.000685765	-0.000912995	-0.000510624	0.00E+00	-0.000262637	-0.000265685	-0.000423096	-0.000784022
1.48395969	0	-0.000773701	-0.000694259	-0.000915489	-0.000513653	0.00E+00	-0.000263396	-0.000269168	-0.000433003	-0.000789718
1.48578948	0	-0.000777379	-0.000702287	-0.000917354	-0.000515733	0.00E+00	-0.00026413	-0.000272994	-0.000443021	-0.000795404
1.48761927	0	-0.000780897	-0.000710007	-0.000919062	-0.000517653	0.00E+00	-0.000264759	-0.000277114	-0.000453018	-0.000801007
1.48944906	0	-0.000784413	-0.000717102	-0.000919981	-0.000518781	0.00E+00	-0.00026529	-0.000281522	-0.000463037	-0.000806566
1.49127885	0	-0.000787611	-0.000723889	-0.000920583	-0.000519116	0.00E+00	-0.00026573	-0.00028621	-0.00047302	-0.000812032
1.49310864	0	-0.000791122	-0.00073005	-0.00092071	-0.00051929	0.00E+00	-0.000266044	-0.000291152	-0.000482918	-0.000817405
1.49493843	0	-0.000793999	-0.000735584	-0.000920044	-0.000518671	0.00E+00	-0.00026625	-0.000296323	-0.000492738	-0.00082269
1.49676822	0	-0.000797188	-0.000740492	-0.000919059	-0.000517733	0.00E+00	-0.000266321	-0.000301717	-0.000502414	-0.000827865
1.49859801	0	-0.000800374	-0.000744773	-0.000917438	-0.00051616	0.00E+00	-0.000266259	-0.000307316	-0.000511974	-0.000832974
1.5004278	0	-0.000803398	-0.000748583	-0.000915337	-0.000514109	0.00E+00	-0.000266042	-0.000313066	-0.000521285	-0.000837992
1.50225759	0	-0.000806576	-0.000751449	-0.000912598	-0.00051174	0.00E+00	-0.000265669	-0.000318994	-0.000530422	-0.000842925
1.50408738	0	-0.000809593	-0.000753685	-0.000909378	-0.000508893	0.00E+00	-0.000265163	-0.000325053	-0.0005393	-0.000847787
1.50591717	0	-0.000812764	-0.000755134	-0.000905519	-0.000505728	0.00E+00	-0.000264504	-0.000331236	-0.000547913	-0.000852579
1.50774696	0	-0.000816247	-0.000755952	-0.000901335	-0.000502403	0.00E+00	-0.000263694	-0.00033752	-0.000556225	-0.000857347
1.50957675	0	-0.000819728	-0.00075614	-0.00089651	-0.000498761	0.00E+00	-0.000262771	-0.000343916	-0.000564229	-0.000862093
1.51140654	0	-0.000823519	-0.000755539	-0.000891359	-0.000494959	0.00E+00	-0.000261652	-0.000350391	-0.000571871	-0.000866815
1.51323633	0	-0.000827466	-0.000754306	-0.000885724	-0.000491157	0.00E+00	-0.000260451	-0.000356934	-0.00057918	-0.000871591
1.51506612	0	-0.000831727	-0.000752443	-0.000879763	-0.00048704	0.00E+00	-0.000259137	-0.000363567	-0.000586124	-0.000876411
1.51689591	0	-0.000836459	-0.000750105	-0.000873474	-0.000483398	0.00E+00	-0.000257703	-0.000370248	-0.000592681	-0.000881269
1.5187257	0	-0.000841347	-0.000746821	-0.000866543	-0.000479285	0.00E+00	-0.000256211	-0.000377044	-0.000598889	-0.000886287
1.52055549	0	-0.000846866	-0.000743379	-0.000859758	-0.000475648	0.00E+00	-0.000254653	-0.000383878	-0.00060467	-0.000891402
1.52238528	0	-0.000852541	-0.000739464	-0.000852646	-0.000472173	0.00E+00	-0.000253037	-0.000390795	-0.000610073	-0.000896657
1.52421507	0	-0.000858692	-0.000735077	-0.000845365	-0.000468703	0.00E+00	-0.000251473	-0.000397824	-0.000615136	-0.000902159
1.52604486	0	-0.000865476	-0.000730375	-0.000837917	-0.000465712	0.00E+00	-0.000249902	-0.000404961	-0.000619833	-0.000907826
1.52787465	0	-0.000872577	-0.000725359	-0.000830457	-0.000462886	0.00E+00	-0.000248382	-0.000412205	-0.000624154	-0.000913742
1.52970444	0	-0.000880313	-0.00072003	-0.000822989	-0.00046054	0.00E+00	-0.000246949	-0.000419587	-0.000628155	-0.000919902
1.53153423	0	-0.000888368	-0.000714387	-0.000815353	-0.000458361	0.00E+00	-0.000245637	-0.000427101	-0.000631859	-0.000926374
1.53336402	0	-0.00089706	-0.000708907	-0.000807868	-0.000456822	0.00E+00	-0.000244496	-0.000434789	-0.000635282	-0.000933131
1.53519381	0	-0.000906389	-0.00070343	-0.000800692	-0.000455765	0.00E+00	-0.000243556	-0.000442641	-0.000638465	-0.000940191
1.5370236	0	-0.000916199	-0.000697642	-0.000793509	-0.000454876	0.00E+00	-0.000242835	-0.000450684	-0.000641431	-0.000947594
1.53885339	0	-0.000926649	-0.000692333	-0.000786796	-0.000454786	0.00E+00	-0.000242399	-0.000458928	-0.000644201	-0.000955296
1.54068318	0	-0.000937108	-0.000686871	-0.00077992	-0.000454704	0.00E+00	-0.000242304	-0.000467379	-0.000646862	-0.000963334
1.54251297	0	-0.000948365	-0.000681888	-0.000773675	-0.000455423	0.00E+00	-0.000242523	-0.000476005	-0.000649407	-0.000971672
1.54434276	0	-0.00095995	-0.00067707	-0.000767586	-0.000456466	0.00E+00	-0.000243184	-0.00048488	-0.000651938	-0.000980348
1.54617255	0	-0.000971862	-0.000672415	-0.000761655	-0.000457835	0.00E+00	-0.000244242	-0.000493963	-0.00065447	-0.000989346
1.54800234	0	-0.000984102	-0.000668241	-0.000756201	-0.000459844	0.00E+00	-0.00024578	-0.000503257	-0.000657069	-0.000998598
1.54983213	0	-0.00099683	-0.000664705	-0.000751222	-0.000462177	0.00E+00	-0.000247839	-0.000512741	-0.000659744	-0.00100813
1.55166192	0	-0.00100973	-0.000661649	-0.000746565	-0.000464991	0.00E+00	-0.000250413	-0.000522445	-0.000662603	-0.00101789
1.55349171	0	-0.00102264	-0.000659072	-0.00074223	-0.00046797	0.00E+00	-0.000253549	-0.000532275	-0.000665676	-0.00102787
1.5553215	0	-0.00103589	-0.000656975	-0.000738376	-0.00047127	0.00E+00	-0.000257255	-0.000542296	-0.000669003	-0.00103805
1.55715129	0	-0.00104915	-0.00065583	-0.000735005	-0.00047505	0.00E+00	-0.000261583	-0.000552419	-0.000672654	-0.00104837
1.55898108	0	-0.00106258	-0.000655321	-0.000731801	-0.00047899	0.00E+00	-0.000266494	-0.000562644	-0.000676646	-0.00105877
1.56081087	0	-0.00107572	-0.000655447	-0.000729083	-0.000483092	0.00E+00	-0.000272041	-0.000572907	-0.000681071	-0.0010693
1.56264066	0	-0.00108903	-0.000656682	-0.000726852	-0.00048767	0.00E+00	-0.000278221	-0.000583214	-0.000685947	-0.00107983
1.56447045	0	-0.00110203	-0.000658549	-0.00072495	-0.000492406	0.00E+00	-0.000285026	-0.000593475	-0.000691305	-0.00109037
1.56630024	0	-0.0011149	-0.000661523	-0.000723379	-0.000497141	0.00E+00	-0.000292448	-0.000603676	-0.000697222	-0.00110089
1.56813003	0	-0.00112762	-0.000665286	-0.00072214	-0.000502033	0.00E+00	-0.000300446	-0.000613746	-0.000703674	-0.00111132
1.56995982	0	-0.00114004	-0.000670152	-0.000721548	-0.000507397	0.00E+00	-0.00030905	-0.000623663	-0.000710712	-0.00112164
1.57178961	0	-0.00115216	-0.000675962	-0.000720815	-0.00051244	0.00E+00	-0.000318221	-0.000633347	-0.000718367	-0.00113179
1.5736194	0	-0.00116398	-0.000682873	-0.000720574	-0.000517797	0.00E+00	-0.000327933	-0.000642763	-0.000726642	-0.00114184
1.57544919	0	-0.00117549	-0.000690884	-0.000720666	-0.000523465	0.00E+00	-0.000338127	-0.000651862	-0.000735575	-0.00115164
1.57727898	0	-0.00118654	-0.000699835	-0.000720775	-0.000528968	0.00E+00	-0.000348787	-0.000660599	-0.000745131	-0.00116125
1.57910877	0	-0.00119713	-0.000710043	-0.00072106	-0.000534467	0.00E+00	-0.000359929	-0.00066894	-0.000755364	-0.00117065
1.58093856	0	-0.00120756	-0.000721344	-0.000721836	-0.000540273	0.00E+00	-0.000371381	-0.000676771	-0.000766157	-0.00117974
1.58276835	0	-0.00121754	-0.000733583	-0.000722629	-0.000546075	0	-0.000383205	-0.000684151	-0.000777603	-0.00118864
1.58459814	0	-0.00122704	-0.000747074	-0.000723437	-0.000552028	0	-0.000395333	-0.000690976	-0.000789621	-0.00119729
1.58642793	0	-0.00123655	-0.000761816	-0.000724578	-0.000558133	0	-0.000407677	-0.000697263	-0.000802209	-0.0012057
1.58825772	0	-0.00124543	-0.000777492	-0.000725575	-0.000564391	0	-0.000420235	-0.000702974	-0.000815344	-0.0012139
1.59008751	0	-0.00125416	-0.000794259	-0.000726585	-0.000570485	0	-0.00043292	-0.000708036	-0.000828958	-0.00122192
1.5919173	0	-0.00126289	-0.000812275	-0.000727925	-0.000577049	0	-0.000445717	-0.000712494	-0.000843022	-0.00122974
1.59374709	0	-0.00127146	-0.000831224	-0.000729116	-0.000583926	0	-0.000458577	-0.000716357	-0.000857455	-0.0012374
1.59557688	0	-0.00127988	-0.000851107	-0.000730476	-0.000590643	0	-0.00047145	-0.00071964	-0.000872279	-0.001245
1.59740667	0	-0.00128845	-0.000872081	-0.000731844	-0.000597675	0	-0.000484327	-0.000722288	-0.000887369	-0.00125254
1.59923646	0	-0.00129702	-0.000893988	-0.000733378	-0.000605022	0	-0.000497159	-0.00072439	-0.000902696	-0.00126005
