Freq	14K_chi2	12K_chi2	10K_chi2	8K_chi2	5K_chi2	3K_chi2	14K_chi1	12K_chi1	10K_chi1	8K_chi1	5K_chi1	3K_chi1
0.2195745	0	0.000282864	0.000789723	0.000410164	0.00130021	0.00112345	0	0.000146066	0.000795824	0.00110819	0.000878161	0.000413204
0.2342128	0	0.000255457	0.000804798	0.000507425	0.00141162	0.00119435	0	0.000119201	0.000831995	0.00111143	0.000890802	0.000408964
0.2488511	0	0.000222185	0.000842401	0.000593777	0.0015163	0.00131068	0	0.000124225	0.000903873	0.00116258	0.000953587	0.000432405
0.2634894	0	0.000195305	0.000902717	0.000674706	0.0016071	0.00146603	0	0.000154724	0.000979935	0.00123971	0.00102657	0.000440163
0.2781277	0	0.000182874	0.000974572	0.000755443	0.00167486	0.00162696	0	0.000193509	0.00101569	0.00130926	0.00105998	0.00039207
0.292766	0	0.000189795	0.0010362	0.000838684	0.00170982	0.00174079	0	0.000215309	0.000977232	0.00133551	0.00101147	0.000272467
0.3074043	0	0.000216141	0.00106348	0.000920777	0.00170466	0.00176331	0	0.000198487	0.000864155	0.00129558	0.000869232	0.000106324
0.3220426	0	0.000254438	0.00104538	0.000990732	0.00165926	0.00169206	0	0.000141037	0.000714994	0.0011923	0.000666798	-5.07E-05
0.3366809	1.93E-18	0.000291067	0.000992812	0.0010358	0.00158357	0.00157184	0	6.48E-05	0.000580942	0.00105107	0.000465884	-0.000149924
0.3513192	0	0.000312912	0.000928912	0.00104909	0.00149368	0.00145928	0	5.54E-07	0.000490702	0.000905879	0.000319796	-0.00018321
0.3659575	0	0.000313655	0.000869747	0.00103259	0.00140348	0.00138129	0	-3.39E-05	0.000435855	0.000778136	0.000243388	-0.000181128
0.3805958	0	0.000296209	0.000817727	0.000994995	0.00132146	0.00132826	0	-4.23E-05	0.000390486	0.000672498	0.00021347	-0.000183356
0.3952341	-1.99E-18	0.000270424	0.000769644	0.000947946	0.00125369	0.00127843	0	-4.04E-05	0.00033571	0.000582728	0.000195225	-0.000214945
0.4098724	0	0.00024787	0.000725512	0.000902528	0.0012057	0.00122158	0	-4.23E-05	0.000269442	0.000500074	0.000163621	-0.000282259
0.4245107	0	0.000235611	0.000688931	0.000866538	0.00117963	0.00116381	0	-5.08E-05	0.000203323	0.000421389	0.000113951	-0.000374542
0.439149	0	0.000232957	0.000662254	0.000842353	0.00116995	0.00111693	0	-6.11E-05	0.000151506	0.000349069	5.64E-05	-0.000472713
0.4537873	0	0.000233074	0.000643258	0.000826911	0.00116389	0.00108594	0	-6.66E-05	0.000122493	0.000287726	3.90E-06	-0.00055745
0.4684256	0	0.000228151	0.000626114	0.000813368	0.00114699	0.00106457	0	-6.45E-05	0.000115972	0.000242696	-3.72E-05	-0.000616777
0.4830639	0	0.000214805	0.0006055	0.000794857	0.00111077	0.00104054	0	-5.70E-05	0.000123462	0.000213963	-6.90E-05	-0.000650531
0.4977022	0	0.000195682	0.000579741	0.00076779	0.00105666	0.00100444	0	-4.81E-05	0.00013487	0.00019876	-9.73E-05	-0.00066731
0.5123405	0	0.000177345	0.000551421	0.000733731	0.00099434	0.000955229	0	-3.99E-05	0.000142506	0.000191682	-0.000125833	-0.000677017
0.5269788	0	0.000166564	0.000525568	0.000698596	0.000935842	0.000899202	0	-3.42E-05	0.000143451	0.000187095	-0.000153765	-0.000685656
0.5416171	0	0.000167154	0.000506865	0.000669839	0.000889733	0.000844418	0	-3.06E-05	0.000140089	0.000181884	-0.000175966	-0.000691922
0.5562554	0	0.000178798	0.000497662	0.000652874	0.000858221	0.000795969	0	-3.00E-05	0.000136144	0.000173456	-0.000189172	-0.000693157
0.5708937	0	0.000197458	0.000497239	0.000648458	0.00083779	0.000754661	0	-3.29E-05	0.000134063	0.00016162	-0.000193011	-0.000689276
0.585532	0	0.000217069	0.000502333	0.00065228	0.000822319	0.000718764	0	-3.96E-05	0.000133832	0.000147166	-0.000191364	-0.000683255
0.6001703	0	0.000231775	0.000508516	0.000656899	0.000806178	0.000686181	0	-4.82E-05	0.000133815	0.000132498	-0.000187859	-0.000678262
0.6148086	0	0.000237988	0.000511792	0.000654928	0.000786036	0.000655347	0	-5.69E-05	0.000131637	0.00011905	-0.000185114	-0.000675155
0.6294469	0	0.000235054	0.000509745	0.000641876	0.000760703	0.000624831	0	-6.32E-05	0.000126546	0.000108317	-0.000182805	-0.000670237
0.6440852	0	0.000224647	0.000501703	0.000617482	0.000730221	0.000593181	0	-6.62E-05	0.000119281	9.90E-05	-0.000180455	-0.000660232
0.6587235	0	0.000209449	0.000488357	0.000585289	0.000695593	0.000559976	0	-6.59E-05	0.000111493	9.01E-05	-0.000177891	-0.000643473
0.6733618	0	0.000192071	0.00047119	0.000550738	0.000658989	0.000527172	0	-6.33E-05	0.000105137	8.05E-05	-0.000176439	-0.000621397
0.6880001	0	0.00017491	0.000452139	0.000518721	0.000624026	0.000499315	0	-6.15E-05	0.000100839	7.02E-05	-0.000178784	-0.000598582
0.7026384	0	0.000160365	0.000433404	0.000491536	0.000594684	0.000481513	0	-6.34E-05	9.82E-05	6.00E-05	-0.00018599	-0.000579342
0.7172767	0	0.000150682	0.00041692	0.000468197	0.000573262	0.000476077	0	-7.10E-05	9.56E-05	5.07E-05	-0.000196886	-0.000566257
0.731915	0	0.000147007	0.000403806	0.000445508	0.000558828	0.000480226	0	-8.43E-05	9.15E-05	4.26E-05	-0.000209412	-0.000561229
0.7465533	0	0.000148189	0.000393781	0.000420487	0.000547714	0.000486645	0	-0.000100445	8.49E-05	3.42E-05	-0.000221964	-0.000564564
0.7611916	0	0.00015088	0.000385263	0.000392426	0.000535867	0.000487048	0	-0.000116031	7.59E-05	2.56E-05	-0.000233527	-0.000575824
0.7758299	0	0.000151264	0.0003762	0.000363709	0.000521458	0.000476514	0	-0.000129282	6.59E-05	1.75E-05	-0.000245168	-0.000593454
0.7904682	0	0.000147265	0.000365151	0.000338419	0.000505019	0.000455575	0	-0.000141269	5.64E-05	1.15E-05	-0.000256871	-0.000614147
0.8051065	0	0.000139243	0.000352093	0.000319874	0.000487638	0.000429253	0	-0.000151983	5.00E-05	9.83E-06	-0.000267701	-0.000632682
0.8197448	0	0.000128654	0.000338507	0.000308351	0.000468792	0.000403867	0	-0.000162467	4.76E-05	1.27E-05	-0.000276597	-0.00064577
0.8343831	0	0.00011575	0.000326712	0.000300044	0.000446004	0.000383567	0	-0.000171805	4.79E-05	1.80E-05	-0.000284206	-0.000652566
0.8490214	0	9.87E-05	0.000319043	0.000288012	0.000416668	0.000368271	0	-0.000178185	4.86E-05	2.27E-05	-0.000291184	-0.000654878
0.8636597	0	7.50E-05	0.000316914	0.000264998	0.000380263	0.000353634	0	-0.000180253	4.67E-05	2.42E-05	-0.000298011	-0.00065489
0.878298	0	4.41E-05	0.000320411	0.000227374	0.000339207	0.000333049	0	-0.000176762	3.89E-05	2.33E-05	-0.000302807	-0.000652838
0.8929363	4.48E-18	9.49E-06	0.000328039	0.000178014	0.000297544	0.000301066	0	-0.000166395	2.53E-05	2.37E-05	-0.00030087	-0.000644781
0.9075746	0	-2.31E-05	0.00033687	0.000126273	0.000258619	0.000256562	0	-0.000149478	7.36E-06	2.91E-05	-0.000289629	-0.00062638
0.9222129	0	-4.84E-05	0.000342617	8.40E-05	0.000223299	0.00020377	0	-0.000128205	-1.12E-05	3.96E-05	-0.00026994	-0.000595963
0.9368512	0	-6.46E-05	0.000340285	5.97E-05	0.000190192	0.000150726	0	-0.00010918	-2.98E-05	4.96E-05	-0.000248129	-0.000558916
0.9514895	4.51E-18	-7.31E-05	0.000325447	5.44E-05	0.000157226	0.000105766	0	-9.97E-05	-4.86E-05	5.18E-05	-0.000230582	-0.000525155
0.9661278	0	-7.74E-05	0.000296279	6.04E-05	0.000123411	7.40E-05	0	-0.000103688	-6.93E-05	4.06E-05	-0.000220915	-0.00050347
0.9807661	0	-8.08E-05	0.000254823	6.57E-05	8.98E-05	5.54E-05	0	-0.000116971	-9.08E-05	1.82E-05	-0.000216195	-0.000495789
0.9954044	0	-8.60E-05	0.000206747	5.95E-05	5.97E-05	4.61E-05	0	-0.00012783	-0.00010791	-5.19E-06	-0.000210783	-0.000495708
1.0100427	0	-9.35E-05	0.000159402	3.78E-05	3.83E-05	4.15E-05	0	-0.000123013	-0.000112919	-1.56E-05	-0.000198662	-0.000492744
1.024681	0	-0.000101023	0.000119239	5.50E-06	3.11E-05	3.97E-05	0	-9.51E-05	-0.000100493	-1.93E-06	-0.000179077	-0.000478958
1.0393193	0	-0.000102235	8.95E-05	-2.58E-05	4.11E-05	4.22E-05	0	-4.97E-05	-7.22E-05	3.69E-05	-0.000156001	-0.00045505
1.0539576	0	-8.92E-05	6.86E-05	-4.42E-05	6.51E-05	5.10E-05	0	-1.96E-06	-3.57E-05	9.15E-05	-0.000134942	-0.000428131
1.0685959	0	-5.75E-05	5.06E-05	-4.42E-05	9.31E-05	6.39E-05	0	3.16E-05	-1.10E-06	0.00014587	-0.000118124	-0.000408244
1.0832342	4.57E-18	-1.05E-05	2.78E-05	-2.86E-05	0.000111688	7.42E-05	0	4.27E-05	2.50E-05	0.000187981	-0.000102198	-0.000400092
1.0978725	-4.58E-18	4.00E-05	-3.90E-06	-5.12E-06	0.000110445	7.33E-05	0	3.46E-05	4.21E-05	0.000213665	-8.16E-05	-0.000401367
1.1125108	4.58E-18	7.77E-05	-4.27E-05	1.86E-05	8.67E-05	5.59E-05	0	1.82E-05	5.44E-05	0.000228386	-5.31E-05	-0.000404507
1.1271491	4.59E-18	8.96E-05	-7.99E-05	3.85E-05	4.71E-05	2.37E-05	0	3.33E-06	6.70E-05	0.000240696	-1.99E-05	-0.000403999
1.1417874	0	7.27E-05	-0.000104506	5.38E-05	4.28E-06	-1.58E-05	0	-6.61E-06	8.16E-05	0.000254842	9.71E-06	-0.000399067
1.1564257	0	3.61E-05	-0.000108298	6.56E-05	-2.86E-05	-5.21E-05	0	-1.18E-05	9.72E-05	0.000270376	2.72E-05	-0.000392813
1.171064	4.60E-18	-4.65E-06	-9.16E-05	7.44E-05	-4.43E-05	-7.86E-05	0	-1.40E-05	0.000110635	0.000280667	2.79E-05	-0.000389515
1.1857023	4.61E-18	-3.65E-05	-6.41E-05	7.90E-05	-4.36E-05	-9.54E-05	0	-1.42E-05	0.000119227	0.000281071	1.48E-05	-0.000389495
1.2003406	0	-5.43E-05	-4.03E-05	7.70E-05	-3.35E-05	-0.00010887	0	-1.31E-05	0.000121097	0.00027008	-3.68E-06	-0.000390186
1.2149789	0	-6.04E-05	-3.27E-05	6.75E-05	-2.29E-05	-0.000125911	0	-1.34E-05	0.000117563	0.000252236	-1.70E-05	-0.000388393
1.2296172	0	-5.99E-05	-4.55E-05	5.19E-05	-1.88E-05	-0.000148648	0	-1.79E-05	0.000109628	0.000235171	-1.72E-05	-0.00038225
1.2442555	0	-5.66E-05	-7.39E-05	3.40E-05	-2.36E-05	-0.000171576	0	-2.88E-05	0.000101182	0.000227709	-3.18E-06	-0.000372754
1.2588938	0	-5.24E-05	-0.00010774	1.82E-05	-3.47E-05	-0.000184193	0	-4.48E-05	9.66E-05	0.000236163	2.16E-05	-0.000361118
1.2735321	0	-5.02E-05	-0.000137606	5.89E-06	-4.59E-05	-0.000178223	0	-6.04E-05	0.000102651	0.000263953	5.19E-05	-0.000344768
1.2881704	0	-5.54E-05	-0.000159995	-5.33E-06	-5.13E-05	-0.000155206	0	-7.07E-05	0.00012291	0.000307408	8.35E-05	-0.000322439
1.3028087	0	-7.46E-05	-0.000178368	-2.14E-05	-4.82E-05	-0.00012883	0	-7.26E-05	0.000155554	0.000357669	0.000114867	-0.000295681
1.317447	0	-0.000110847	-0.000199028	-4.80E-05	-3.89E-05	-0.000118441	0	-6.79E-05	0.000192022	0.000401544	0.000145779	-0.000272572
1.3320853	0	-0.000160648	-0.000225175	-8.69E-05	-2.82E-05	-0.000138156	0	-5.85E-05	0.000221396	0.000428921	0.000176143	-0.000263512
1.3467236	0	-0.000214767	-0.000253915	-0.000134387	-1.94E-05	-0.000189676	0	-4.34E-05	0.000237493	0.000437601	0.000205566	-0.000272912
1.3613619	0	-0.000262907	-0.000278081	-0.000183377	-1.27E-05	-0.000263355	0	-1.72E-05	0.000243163	0.0004365	0.000233562	-0.000293904
1.3760002	0	-0.000297559	-0.000291043	-0.000225986	-6.04E-06	-0.000344574	0	2.61E-05	0.000249264	0.000441146	0.000259536	-0.00031131
1.3906385	0	-0.00031466	-0.00029078	-0.000256397	2.25E-06	-0.000420071	0	8.83E-05	0.00026883	0.000468522	0.000281602	-0.000310236
1.4052768	0	-0.000311772	-0.000281248	-0.00027343	1.21E-05	-0.000481076	0	0.000163146	0.000307589	0.00052851	0.000295413	-0.000285601
1.4199151	0	-0.000286949	-0.000270954	-0.000283115	2.14E-05	-0.000524747	0	0.000238812	0.000362182	0.0006209	0.000297521	-0.000243826
1.4345534	0	-0.00023947	-0.000269668	-0.000299312	2.79E-05	-0.000554596	0	0.000301669	0.000420994	0.000732897	0.000288788	-0.000198588
1.4491917	0	-0.000171494	-0.000284353	-0.00033873	3.07E-05	-0.00057917	0	0.000341324	0.000469202	0.000841744	0.00027688	-0.000163266
1.46383	0	-8.81E-05	-0.000315197	-0.000409547	3.22E-05	-0.000606837	0	0.000352435	0.000497408	0.000922383	0.000276649	-0.000143252
1.4784683	0	3.56E-06	-0.000353744	-0.000499629	3.71E-05	-0.000638878	0	0.00033574	0.000505437	0.000959541	0.00030209	-0.000134599
1.4931066	0	9.49E-05	-0.000385038	-0.000576117	5.03E-05	-0.000666277	0	0.000296145	0.000501686	0.000960241	0.000358549	-0.000124386
1.5077449	0	0.0001728	-0.000394632	-0.000600747	7.52E-05	-0.00067465	0	0.000243782	0.000499109	0.000955765	0.000436184	-9.55E-05
1.5223832	0	0.000217167	-0.00037857	-0.000554084	0.000109336	-0.000656619	0	0.000193289	0.000506726	0.000985265	0.00050918	-3.63E-05
1.5370215	0	0.000203862	-0.000351083	-0.000451347	0.000141553	-0.000623038	0	0.000163251	0.000524217	0.00106802	0.000547213	5.20E-05
1.5516598	0	0.000116696	-0.000342836	-0.00033719	0.000153337	-0.000603097	0	0.000171853	0.000542402	0.00118408	0.000533229	0.000153286
1.5662981	0	-3.84E-05	-0.000385888	-0.000258877	0.000131393	-0.000627567	0	0.00023159	0.000553458	0.00128627	0.000480496	0.000251202
1.5809364	0	-0.000228149	-0.000490766	-0.00023391	8.33E-05	-0.000703734	0	0.000344511	0.000561896	0.00133388	0.000431195	0.000343988
1.5955747	0	-0.000398273	-0.000630854	-0.000235118	4.18E-05	-0.000800228	0	0.000504304	0.000586332	0.00132486	0.000437674	0.000451664
1.610213	0	-0.000485869	-0.000745823	-0.000206466	5.22E-05	-0.000855489	0	0.000697154	0.000653495	0.00130182	0.000536237	0.000604722
1.6248513	0	-0.000436753	-0.000763799	-9.71E-05	0.000152063	-0.000806324	0	0.000895319	0.000780869	0.00132537	0.000724045	0.000818816
1.6394896	0	-0.000229615	-0.000637187	0.000109873	0.000349112	-0.00062532	0	0.00104417	0.000949544	0.00142308	0.000942961	0.00105876
1.6541279	0	9.88E-05	-0.000381105	0.000387554	0.000600208	-0.000353443	0	0.00107212	0.00108875	0.0015555	0.00109476	0.00123193
1.6687662	0	0.000456034	-8.59E-05	0.000679121	0.00081741	-9.81E-05	0	0.000931599	0.00110937	0.00163829	0.00109707	0.00123679
1.6834045	0	0.000744737	0.000126975	0.000933595	0.000919796	2.81E-05	0	0.000646025	0.000967346	0.0016084	0.000940636	0.00103986
1.6980428	0	0.000919345	0.000178137	0.00113847	0.000890978	-1.64E-05	0	0.00029553	0.000690668	0.00146788	0.000683005	0.000696909
1.7126811	0	0.000993871	6.49E-05	0.0013191	0.000784602	-0.000182294	0	-2.31E-05	0.000363851	0.00128208	0.000410854	0.000317725
1.7273194	0	0.00101198	-0.000155477	0.00150957	0.000682999	-0.000369013	0	-0.000225712	9.56E-05	0.00114761	0.000208029	2.23E-05
1.7419577	0	0.00101758	-0.0004004	0.00172295	0.000649446	-0.000476413	0	-0.000251038	-1.05E-05	0.00115663	0.00014201	-9.36E-05
1.756596	0	0.00103592	-0.000593446	0.00193439	0.000690399	-0.000447811	0	-7.83E-05	1.00E-04	0.00135293	0.000236128	6.63E-06
1.7712343	0	0.00105803	-0.000697699	0.00207966	0.00074063	-0.000304492	0	0.000247521	0.000390728	0.00169516	0.00044406	0.000273984
1.7858726	0	0.00103889	-0.000737812	0.00207978	0.000695783	-0.000149006	0	0.00061628	0.000742897	0.00205603	0.000654434	0.000593799
1.8005109	0	0.000934368	-0.000774856	0.00189821	0.00049502	-0.000103235	0	0.000888614	0.00101893	0.00227316	0.000737809	0.000839509
1.8151492	0	0.000756131	-0.00084761	0.00158804	0.00018296	-0.000217818	0	0.00095471	0.00113532	0.00223024	0.000615021	0.000921905
1.8297875	0	0.000578747	-0.000947125	0.00126864	-0.000121598	-0.000439408	0	0.000781519	0.00108935	0.00191706	0.000305118	0.000816486
1.8444258	0	0.000480981	-0.00104552	0.00104198	-0.000321597	-0.000661683	0	0.000426239	0.000944726	0.00143672	-8.01E-05	0.000572908
1.8590641	0	0.000479349	-0.00113275	0.00092696	-0.000410562	-0.00080403	0	-6.65E-07	0.000780636	0.000945015	-0.000401636	0.000285563
1.8737024	0	0.000519249	-0.00122015	0.000865626	-0.000462623	-0.000854294	0	-0.000396357	0.000640835	0.000567514	-0.000573779	4.04E-05
1.8883407	0	0.000525301	-0.00131909	0.000780976	-0.000567359	-0.00086082	0	-0.000704196	0.000512155	0.000344538	-0.000599398	-0.000123524
1.902979	0	0.000463083	-0.00142146	0.000634372	-0.000764138	-0.000893892	0	-0.000922039	0.000349224	0.000222602	-0.000554467	-0.000218358
1.9176173	0	0.000366442	-0.00149082	0.000453434	-0.0010099	-0.000991615	0	-0.00107596	0.000120791	0.00010093	-0.000532749	-0.00028805
1.9322556	0	0.000317142	-0.00147299	0.000326418	-0.00119267	-0.00111641	0	-0.00116271	-0.000139622	-8.63E-05	-0.00057286	-0.000370901
1.9468939	0	0.0003748	-0.00134508	0.000348798	-0.00119892	-0.00116541	0	-0.00110026	-0.000321958	-0.000304124	-0.000611339	-0.000440632
1.9615322	0	0.000491393	-0.0011775	0.000531354	-0.00101337	-0.00106104	0	-0.000768749	-0.000299012	-0.000431475	-0.000517087	-0.000379643
1.9761705	0	0.00051726	-0.00111285	0.000768251	-0.000752465	-0.000846662	0	-0.000145861	-4.75E-05	-0.000381339	-0.000223387	-6.47E-05
1.9908088	0	0.000342888	-0.00123963	0.000930678	-0.000572485	-0.000669236	0	0.000609029	0.000303458	-0.00019468	0.000175065	0.000490978
2.0054471	0	1.46E-05	-0.00150907	0.000980029	-0.000555034	-0.000661215	0	0.00124142	0.0005641	2.83E-06	0.000480586	0.0010942
2.0200854	0	-0.000307491	-0.00178279	0.000977234	-0.000682782	-0.000839508	0	0.00154903	0.000605962	0.000115791	0.000549315	0.001485
