# Intensity Error |Q| DeltaE
#  shape: 15x14
nan nan 1.000000e-01 5.357143e-01
nan nan 1.000000e-01 1.607143e+00
nan nan 1.000000e-01 2.678571e+00
nan nan 1.000000e-01 3.750000e+00
nan nan 1.000000e-01 4.821428e+00
nan nan 1.000000e-01 5.892857e+00
nan nan 1.000000e-01 6.964285e+00
nan nan 1.000000e-01 8.035714e+00
nan nan 1.000000e-01 9.107143e+00
nan nan 1.000000e-01 1.017857e+01
nan nan 1.000000e-01 1.125000e+01
nan nan 1.000000e-01 1.232143e+01
nan nan 1.000000e-01 1.339286e+01
nan nan 1.000000e-01 1.446429e+01
-5.819494e+00 2.318484e+00 3.000000e-01 5.357143e-01
-1.286982e+00 1.073650e+00 3.000000e-01 1.607143e+00
1.247733e+00 5.839582e-01 3.000000e-01 2.678571e+00
4.629326e-01 7.721530e-01 3.000000e-01 3.750000e+00
nan nan 3.000000e-01 4.821428e+00
nan nan 3.000000e-01 5.892857e+00
nan nan 3.000000e-01 6.964285e+00
nan nan 3.000000e-01 8.035714e+00
nan nan 3.000000e-01 9.107143e+00
nan nan 3.000000e-01 1.017857e+01
nan nan 3.000000e-01 1.125000e+01
nan nan 3.000000e-01 1.232143e+01
nan nan 3.000000e-01 1.339286e+01
nan nan 3.000000e-01 1.446429e+01
-3.475365e+00 1.777397e+00 5.000000e-01 5.357143e-01
-5.638403e-01 7.160834e-01 5.000000e-01 1.607143e+00
3.389477e-01 3.427995e-01 5.000000e-01 2.678571e+00
-1.048558e-01 2.997878e-01 5.000000e-01 3.750000e+00
6.226336e-01 2.928126e-01 5.000000e-01 4.821428e+00
-4.982758e-01 5.140811e-01 5.000000e-01 5.892857e+00
7.043466e+00 2.582875e+00 5.000000e-01 6.964285e+00
nan nan 5.000000e-01 8.035714e+00
nan nan 5.000000e-01 9.107143e+00
nan nan 5.000000e-01 1.017857e+01
nan nan 5.000000e-01 1.125000e+01
nan nan 5.000000e-01 1.232143e+01
nan nan 5.000000e-01 1.339286e+01
nan nan 5.000000e-01 1.446429e+01
-7.353076e-01 1.925232e+00 7.000000e-01 5.357143e-01
5.767858e-01 7.803990e-01 7.000000e-01 1.607143e+00
2.782284e-02 3.570134e-01 7.000000e-01 2.678571e+00
2.290655e-01 3.161268e-01 7.000000e-01 3.750000e+00
8.847552e-02 2.738802e-01 7.000000e-01 4.821428e+00
4.604339e-01 2.840028e-01 7.000000e-01 5.892857e+00
-2.511054e-01 2.961129e-01 7.000000e-01 6.964285e+00
3.224154e-01 4.152770e-01 7.000000e-01 8.035714e+00
6.541050e-01 3.700621e+00 7.000000e-01 9.107143e+00
nan nan 7.000000e-01 1.017857e+01
nan nan 7.000000e-01 1.125000e+01
nan nan 7.000000e-01 1.232143e+01
nan nan 7.000000e-01 1.339286e+01
nan nan 7.000000e-01 1.446429e+01
-5.212316e+00 1.866377e+00 9.000000e-01 5.357143e-01
-5.694336e-01 7.603433e-01 9.000000e-01 1.607143e+00
-2.110159e-01 3.215869e-01 9.000000e-01 2.678571e+00
-1.586059e-01 3.165031e-01 9.000000e-01 3.750000e+00
-4.115632e-01 2.959028e-01 9.000000e-01 4.821428e+00
5.243263e-01 3.413748e-01 9.000000e-01 5.892857e+00
4.216559e-01 3.407624e-01 9.000000e-01 6.964285e+00
1.336503e-01 2.854297e-01 9.000000e-01 8.035714e+00
-1.298751e-01 3.212818e-01 9.000000e-01 9.107143e+00
2.950787e-01 5.205388e-01 9.000000e-01 1.017857e+01
nan nan 9.000000e-01 1.125000e+01
nan nan 9.000000e-01 1.232143e+01
nan nan 9.000000e-01 1.339286e+01
nan nan 9.000000e-01 1.446429e+01
1.186066e+00 1.845341e+00 1.100000e+00 5.357143e-01
-4.326523e-01 7.170042e-01 1.100000e+00 1.607143e+00
-2.005631e-01 3.090273e-01 1.100000e+00 2.678571e+00
3.902208e-01 3.174073e-01 1.100000e+00 3.750000e+00
4.358348e-01 2.803397e-01 1.100000e+00 4.821428e+00
-1.494117e-01 3.048740e-01 1.100000e+00 5.892857e+00
-1.276030e-01 3.179598e-01 1.100000e+00 6.964285e+00
2.836761e-01 3.146169e-01 1.100000e+00 8.035714e+00
-2.528415e-01 3.689236e-01 1.100000e+00 9.107143e+00
5.159070e-01 3.169656e-01 1.100000e+00 1.017857e+01
1.859497e-01 4.062761e-01 1.100000e+00 1.125000e+01
1.662655e+00 1.012468e+00 1.100000e+00 1.232143e+01
nan nan 1.100000e+00 1.339286e+01
nan nan 1.100000e+00 1.446429e+01
1.708205e+00 1.917278e+00 1.300000e+00 5.357143e-01
1.253409e-01 7.573067e-01 1.300000e+00 1.607143e+00
6.408359e-01 2.986725e-01 1.300000e+00 2.678571e+00
-4.455937e-04 2.944725e-01 1.300000e+00 3.750000e+00
3.930024e-01 2.804590e-01 1.300000e+00 4.821428e+00
1.560600e-01 3.210643e-01 1.300000e+00 5.892857e+00
-6.515970e-01 3.407885e-01 1.300000e+00 6.964285e+00
7.405112e-02 3.200014e-01 1.300000e+00 8.035714e+00
3.960871e-01 3.689066e-01 1.300000e+00 9.107143e+00
-5.305843e-01 3.580878e-01 1.300000e+00 1.017857e+01
-8.637163e-01 4.150871e-01 1.300000e+00 1.125000e+01
-3.938709e-01 4.033486e-01 1.300000e+00 1.232143e+01
-3.045317e-01 5.915508e-01 1.300000e+00 1.339286e+01
nan nan 1.300000e+00 1.446429e+01
3.548160e+00 1.835989e+00 1.500000e+00 5.357143e-01
5.125855e-01 7.325553e-01 1.500000e+00 1.607143e+00
1.384442e-01 3.077047e-01 1.500000e+00 2.678571e+00
-2.218830e-02 3.159425e-01 1.500000e+00 3.750000e+00
1.818104e-01 2.997078e-01 1.500000e+00 4.821428e+00
2.678205e-01 3.390301e-01 1.500000e+00 5.892857e+00
4.098081e-01 3.512097e-01 1.500000e+00 6.964285e+00
-2.598342e-01 3.272615e-01 1.500000e+00 8.035714e+00
3.848421e-02 3.689649e-01 1.500000e+00 9.107143e+00
-2.079447e-01 3.597872e-01 1.500000e+00 1.017857e+01
1.066096e+00 4.311825e-01 1.500000e+00 1.125000e+01
-5.178155e-01 4.619016e-01 1.500000e+00 1.232143e+01
5.860959e-01 4.426215e-01 1.500000e+00 1.339286e+01
5.246364e-01 6.046745e-01 1.500000e+00 1.446429e+01
9.649535e-01 2.111256e+00 1.700000e+00 5.357143e-01
1.062344e-01 8.333911e-01 1.700000e+00 1.607143e+00
-3.715720e-01 3.539781e-01 1.700000e+00 2.678571e+00
9.456791e-02 3.620331e-01 1.700000e+00 3.750000e+00
2.186331e-01 3.468566e-01 1.700000e+00 4.821428e+00
5.041491e-02 3.977188e-01 1.700000e+00 5.892857e+00
3.991555e-01 4.060375e-01 1.700000e+00 6.964285e+00
-4.803933e-01 3.958757e-01 1.700000e+00 8.035714e+00
-8.592167e-02 4.794128e-01 1.700000e+00 9.107143e+00
1.380214e+00 4.555232e-01 1.700000e+00 1.017857e+01
-2.052620e-01 5.161999e-01 1.700000e+00 1.125000e+01
1.776891e-02 5.458209e-01 1.700000e+00 1.232143e+01
6.053494e-01 4.966394e-01 1.700000e+00 1.339286e+01
-5.908365e-01 5.904806e-01 1.700000e+00 1.446429e+01
1.177041e+00 2.116318e+00 1.900000e+00 5.357143e-01
1.257677e-01 8.566628e-01 1.900000e+00 1.607143e+00
-7.986119e-01 3.895481e-01 1.900000e+00 2.678571e+00
5.398797e-01 4.001586e-01 1.900000e+00 3.750000e+00
-4.244086e-01 3.821149e-01 1.900000e+00 4.821428e+00
6.408888e-01 4.495084e-01 1.900000e+00 5.892857e+00
4.018145e-01 4.603287e-01 1.900000e+00 6.964285e+00
8.069122e-01 4.482782e-01 1.900000e+00 8.035714e+00
-1.503354e-01 5.254193e-01 1.900000e+00 9.107143e+00
-3.375845e-01 5.209432e-01 1.900000e+00 1.017857e+01
-3.781525e-02 6.252911e-01 1.900000e+00 1.125000e+01
-4.849547e-01 6.630972e-01 1.900000e+00 1.232143e+01
6.538765e-01 6.760453e-01 1.900000e+00 1.339286e+01
-1.032710e+00 7.393417e-01 1.900000e+00 1.446429e+01
-4.694126e-01 2.083078e+00 2.100000e+00 5.357143e-01
-7.303465e-01 8.445337e-01 2.100000e+00 1.607143e+00
1.102743e-01 3.961597e-01 2.100000e+00 2.678571e+00
8.567409e-01 3.985667e-01 2.100000e+00 3.750000e+00
1.364240e-01 3.830588e-01 2.100000e+00 4.821428e+00
1.120898e+00 4.351245e-01 2.100000e+00 5.892857e+00
-4.535755e-01 4.484779e-01 2.100000e+00 6.964285e+00
-3.479105e-01 4.269162e-01 2.100000e+00 8.035714e+00
1.388702e-01 4.981236e-01 2.100000e+00 9.107143e+00
-1.526653e-01 4.930539e-01 2.100000e+00 1.017857e+01
-5.998102e-01 6.213086e-01 2.100000e+00 1.125000e+01
-5.095477e-01 6.977918e-01 2.100000e+00 1.232143e+01
-4.202957e-01 7.405539e-01 2.100000e+00 1.339286e+01
9.239023e-01 9.396274e-01 2.100000e+00 1.446429e+01
4.592433e-01 2.220044e+00 2.300000e+00 5.357143e-01
-9.604172e-01 8.843614e-01 2.300000e+00 1.607143e+00
-4.122403e-01 3.587132e-01 2.300000e+00 2.678571e+00
-7.857793e-01 3.682067e-01 2.300000e+00 3.750000e+00
2.683946e-01 3.552388e-01 2.300000e+00 4.821428e+00
8.965869e-01 4.171552e-01 2.300000e+00 5.892857e+00
2.267214e-01 4.333118e-01 2.300000e+00 6.964285e+00
5.369668e-01 4.191109e-01 2.300000e+00 8.035714e+00
2.246405e-01 4.932929e-01 2.300000e+00 9.107143e+00
-5.548525e-01 4.870396e-01 2.300000e+00 1.017857e+01
7.327927e-01 5.859405e-01 2.300000e+00 1.125000e+01
-9.656953e-02 6.494137e-01 2.300000e+00 1.232143e+01
-9.014037e-01 6.919459e-01 2.300000e+00 1.339286e+01
2.553163e+00 9.290398e-01 2.300000e+00 1.446429e+01
3.216485e+00 2.697540e+00 2.500000e+00 5.357143e-01
9.027896e-01 1.002197e+00 2.500000e+00 1.607143e+00
-4.421520e-01 3.635376e-01 2.500000e+00 2.678571e+00
-3.554842e-01 3.724861e-01 2.500000e+00 3.750000e+00
4.979262e-01 3.658887e-01 2.500000e+00 4.821428e+00
7.945278e-01 4.207923e-01 2.500000e+00 5.892857e+00
5.765909e-01 4.489352e-01 2.500000e+00 6.964285e+00
9.820990e-01 4.546055e-01 2.500000e+00 8.035714e+00
-2.820417e-01 5.506149e-01 2.500000e+00 9.107143e+00
-2.174910e-01 5.572010e-01 2.500000e+00 1.017857e+01
1.842199e-02 6.765842e-01 2.500000e+00 1.125000e+01
9.505413e-01 7.473596e-01 2.500000e+00 1.232143e+01
4.085161e-01 7.775769e-01 2.500000e+00 1.339286e+01
1.833053e+00 9.721801e-01 2.500000e+00 1.446429e+01
-2.876803e+00 2.150449e+00 2.700000e+00 5.357143e-01
-2.341500e-01 9.321027e-01 2.700000e+00 1.607143e+00
-1.008065e-01 4.365857e-01 2.700000e+00 2.678571e+00
-2.620082e-01 4.131997e-01 2.700000e+00 3.750000e+00
-5.949112e-01 3.833994e-01 2.700000e+00 4.821428e+00
1.493998e-01 4.377106e-01 2.700000e+00 5.892857e+00
5.941321e-01 4.243202e-01 2.700000e+00 6.964285e+00
2.092953e-01 4.021569e-01 2.700000e+00 8.035714e+00
-5.404671e-01 4.879549e-01 2.700000e+00 9.107143e+00
6.261787e-01 5.004350e-01 2.700000e+00 1.017857e+01
5.683423e-01 6.210343e-01 2.700000e+00 1.125000e+01
2.700106e-02 7.935992e-01 2.700000e+00 1.232143e+01
7.389953e-01 9.292762e-01 2.700000e+00 1.339286e+01
7.131122e-01 1.264385e+00 2.700000e+00 1.446429e+01
3.412288e-01 2.086672e+00 2.900000e+00 5.357143e-01
1.152924e+00 8.111716e-01 2.900000e+00 1.607143e+00
2.201312e-01 3.685315e-01 2.900000e+00 2.678571e+00
2.561034e-01 3.784516e-01 2.900000e+00 3.750000e+00
-5.017236e-01 3.660142e-01 2.900000e+00 4.821428e+00
-2.468449e-01 4.855443e-01 2.900000e+00 5.892857e+00
3.132578e-01 5.872412e-01 2.900000e+00 6.964285e+00
-9.779211e-01 6.924161e-01 2.900000e+00 8.035714e+00
1.899492e+00 1.018379e+00 2.900000e+00 9.107143e+00
-2.055844e+00 1.349888e+00 2.900000e+00 1.017857e+01
-6.168823e-01 2.881412e+00 2.900000e+00 1.125000e+01
-1.619469e+01 9.059024e+00 2.900000e+00 1.232143e+01
nan nan 2.900000e+00 1.339286e+01
nan nan 2.900000e+00 1.446429e+01
